1 1 0 1 0 1
1 2 0 0 1 1
1 3 0 0 1 1
1 4 0 0 1 1
1 5 0 0 1 1
1 6 0 0 1 1
1 7 0 0 1 1
1 8 0 0 1 1
1 9 0 0 1 1
1 10 0 0 1 1
1 11 0 0 1 1
1 12 0 0 1 1
1 13 0 0 1 1
1 14 0 0 1 1
1 15 0 0 1 1
1 16 0 0 1 1
1 17 0 0 1 1
1 18 0 0 1 1
1 19 0 0 1 1
1 20 0 0 1 1
1 21 0 0 1 1
1 22 0 0 1 1
1 23 0 0 1 1
1 24 0 0 1 1
1 25 0 0 1 1
1 26 0 0 1 1
1 27 0 0 1 1
1 28 0 0 1 1
1 29 0 0 1 1
1 30 0 0 1 1
1 31 0 0 1 1
1 32 0 0 1 1
1 33 0 0 1 1
1 34 0 0 1 1
1 35 0 0 1 1
1 36 0 0 1 1
1 37 0 0 1 1
1 38 0 0 1 1
1 39 0 0 1 1
1 40 0 0 1 1
1 41 0 0 1 1
1 42 0 0 1 1
1 43 0 0 1 1
1 44 0 0 1 1
1 45 0 0 1 1
1 46 0 0 1 1
1 47 0 0 1 1
1 48 0 0 1 1
1 49 0 0 1 1
1 50 0 1 1 0
3 1 1 0 0 1
3 50 1 0 1 0
4 1 0 1 0 1
4 50 0 1 1 0
5 1 1 0 0 1
5 50 1 0 1 0
6 1 0 1 0 1
6 50 0 1 1 0
7 1 1 0 0 1
7 50 1 0 1 0
8 1 0 1 0 1
8 50 0 1 1 0
9 1 1 0 0 1
9 50 1 0 1 0
10 1 0 1 0 1
10 50 0 1 1 0
11 1 1 0 0 1
11 50 1 0 1 0
12 1 0 1 0 1
12 50 0 1 1 0
13 1 1 0 0 1
13 50 1 0 1 0
14 1 0 1 0 1
14 50 0 1 1 0
15 1 1 0 0 1
15 50 1 0 1 0
16 1 0 1 0 1
16 50 0 1 1 0
17 1 1 0 0 1
17 50 1 0 1 0
18 1 0 1 0 1
18 50 0 1 1 0
19 1 1 0 0 1
19 50 1 0 1 0
20 1 0 1 0 1
20 50 0 1 1 0
21 1 1 0 0 1
21 50 1 0 1 0
22 1 0 1 0 1
22 50 0 1 1 0
23 1 1 0 0 1
23 50 1 0 1 0
24 1 0 1 0 1
24 50 0 1 1 0
25 1 1 0 0 1
25 50 1 0 1 0
26 1 0 1 0 1
26 50 0 1 1 0
27 1 1 0 0 1
27 50 1 0 1 0
28 1 0 1 0 1
28 50 0 1 1 0
29 1 1 0 0 1
29 50 1 0 1 0
30 1 0 1 0 1
30 50 0 1 1 0
31 1 1 0 0 1
31 50 1 0 1 0
32 1 0 1 0 1
32 50 0 1 1 0
33 1 1 0 0 1
33 50 1 0 1 0
34 1 0 1 0 1
34 50 0 1 1 0
35 1 1 0 0 1
35 50 1 0 1 0
36 1 0 1 0 1
36 50 0 1 1 0
37 1 1 0 0 1
37 50 1 0 1 0
38 1 0 1 0 1
38 50 0 1 1 0
39 1 1 0 0 1
39 50 1 0 1 0
40 1 0 1 0 1
40 50 0 1 1 0
41 1 1 0 0 1
41 50 1 0 1 0
42 1 0 1 0 1
42 50 0 1 1 0
43 1 1 0 0 1
43 50 1 0 1 0
44 1 0 1 0 1
44 50 0 1 1 0
45 1 1 0 0 1
45 50 1 0 1 0
46 1 0 1 0 1
46 50 0 1 1 0
47 1 1 0 0 1
47 50 1 0 1 0
48 1 0 1 0 1
48 50 0 1 1 0
49 1 1 1 0 0
49 50 1 1 0 0
50 1 1 0 0 1
50 2 0 0 1 1
50 3 0 0 1 1
50 4 0 0 1 1
50 5 0 0 1 1
50 6 0 0 1 1
50 7 0 0 1 1
50 8 0 0 1 1
50 9 0 0 1 1
50 10 0 0 1 1
50 11 0 0 1 1
50 12 0 0 1 1
50 13 0 0 1 1
50 14 0 0 1 1
50 15 0 0 1 1
50 16 0 0 1 1
50 17 0 0 1 1
50 18 0 0 1 1
50 19 0 0 1 1
50 20 0 0 1 1
50 21 0 0 1 1
50 22 0 0 1 1
50 23 0 0 1 1
50 24 0 0 1 1
50 25 0 0 1 1
50 26 0 0 1 1
50 27 0 0 1 1
50 28 0 0 1 1
50 29 0 0 1 1
50 30 0 0 1 1
50 31 0 0 1 1
50 32 0 0 1 1
50 33 0 0 1 1
50 34 0 0 1 1
50 35 0 0 1 1
50 36 0 0 1 1
50 37 0 0 1 1
50 38 0 0 1 1
50 39 0 0 1 1
50 40 0 0 1 1
50 41 0 0 1 1
50 42 0 0 1 1
50 43 0 0 1 1
50 44 0 0 1 1
50 45 0 0 1 1
50 46 0 0 1 1
50 47 0 0 1 1
50 48 0 0 1 1
50 49 0 0 1 1
50 50 1 0 1 0
