5000 200
63 2556
124 1813
122 1626
128 2923
169 492
30 880
117 755
110 2554
20 1841
92 1663
116 328
37 266
131 950
74 1123
34 2621
86 1514
48 1179
140 1936
71 1213
192 230
1 2077
82 2021
23 907
186 2725
150 970
52 367
55 1125
143 1984
87 389
108 1901
80 560
175 1534
158 92
111 2150
80 349
150 1209
128 2882
75 1082
90 1523
100 1584
117 2082
160 2310
155 1190
166 154
125 1636
185 292
76 2220
41 941
113 1351
67 1446
34 673
87 1699
25 2457
11 771
10 1639
190 320
149 423
177 2576
118 180
173 2025
44 2807
77 1927
98 2350
141 2744
50 593
24 675
187 389
123 2501
171 800
64 72
127 895
169 85
181 2246
53 2917
45 810
1 322
125 1606
192 2168
165 1720
27 362
16 2504
152 2985
35 1753
58 2124
107 698
46 374
101 2000
39 1144
127 966
131 1244
128 1693
77 1235
37 2602
165 1093
46 1070
54 2591
75 1339
150 1859
170 2587
172 1658
168 932
6 23
119 2387
49 1493
132 1906
92 1590
123 2753
128 128
35 2892
72 2541
170 2288
5 1094
189 545
192 2375
70 1094
124 2052
97 196
165 1047
155 1328
93 876
123 109
51 34
9 1686
163 392
125 12
167 930
179 383
79 305
200 2138
181 1000
35 32
32 776
69 478
81 208
152 1150
10 2742
114 455
196 2161
95 2704
90 1043
39 2346
166 424
38 2441
198 2367
148 1854
182 2440
47 1224
110 986
99 2581
118 997
120 2265
114 1708
198 1569
177 298
77 2619
125 2473
176 1286
43 1540
181 1320
187 873
39 999
107 1624
161 1204
152 625
66 1939
154 2289
177 1790
160 2324
125 2133
161 2929
79 807
186 2131
172 1879
81 701
198 1134
110 1718
69 1121
150 498
166 1238
77 1022
129 453
28 201
47 1891
132 2862
53 687
18 1407
66 885
197 2366
75 2721
179 1477
139 532
50 955
44 2873
179 2369
183 1587
37 1644
68 1764
196 997
179 992
83 2813
10 2101
53 496
78 1406
142 2199
126 1279
32 750
185 2565
134 1890
159 2104
143 1537
4 130
34 1736
71 855
168 976
105 806
34 1177
19 821
7 358
189 1970
135 2349
5 1707
179 2071
53 143
36 37
150 664
78 1194
53 946
97 1613
101 877
141 1176
98 828
66 2088
159 1429
100 1118
97 2105
84 2446
176 2993
109 2791
187 1789
114 369
48 744
162 2782
39 260
170 1778
61 439
192 2227
57 1052
188 2546
151 2992
99 1677
191 1973
180 444
94 890
104 311
63 2855
116 1218
83 2361
38 581
110 397
83 517
91 489
59 1061
107 1955
61 1937
195 2573
163 1896
128 1209
94 1495
133 39
75 587
117 233
128 786
57 1737
142 476
91 1846
172 2681
43 2845
61 2614
64 1736
169 1416
180 189
183 1847
125 2254
46 2421
84 464
188 383
178 1271
49 1849
30 2092
168 45
75 2839
199 2885
190 894
100 1288
185 111
66 1457
7 38
77 2840
46 993
62 1121
24 1942
2 875
83 1183
142 2046
33 2226
142 1619
171 2925
141 1150
28 223
106 1756
8 600
183 2241
174 1700
32 864
28 832
55 1043
49 1775
20 1740
92 2623
29 771
174 516
102 275
174 603
102 2798
120 2160
99 801
197 1895
19 2033
138 2570
152 180
129 2649
170 2496
169 2206
82 342
200 2429
185 1316
49 659
198 1996
161 2621
181 227
116 72
33 2542
152 135
11 2819
112 436
90 310
174 712
69 1158
28 1946
19 175
64 2566
28 1719
171 956
20 2485
155 1410
195 2153
137 2716
40 2422
20 2169
151 462
34 1428
6 970
152 2810
131 250
96 922
13 2352
184 1114
180 2983
165 656
65 1452
8 321
55 1456
187 1747
179 783
67 166
74 671
135 639
114 742
70 2071
36 826
124 1812
197 703
184 2391
40 1017
101 1609
32 1185
144 2565
43 2483
74 1444
67 1732
43 2765
41 358
105 2287
185 427
151 1106
145 1469
98 211
3 297
27 1903
72 1009
164 2345
12 729
30 465
54 744
36 2409
146 1865
47 1380
1 924
135 1429
128 1069
181 685
113 341
164 2809
103 501
70 2532
71 2501
94 1277
63 2288
109 190
107 1443
77 858
99 2891
24 7
76 2020
31 2100
137 803
3 1851
161 305
173 309
19 2144
95 2298
41 2432
70 433
4 2776
144 247
3 1892
32 999
130 269
12 1646
75 9
34 668
96 2784
125 1442
42 2494
164 1420
4 511
10 804
86 2844
55 168
4 1842
105 283
157 2460
16 2798
26 569
173 612
121 1255
34 1206
74 960
112 1998
106 742
156 1389
57 569
169 648
62 548
110 249
19 498
170 2981
82 935
17 1034
133 2945
114 1081
69 1057
161 2985
75 2914
31 949
186 184
34 552
83 2134
157 2391
179 2629
160 1348
80 2223
42 76
15 2450
63 1478
60 2311
88 2416
104 882
143 653
160 2380
71 817
188 347
5 841
24 420
28 1808
157 819
86 1900
86 215
160 570
50 2586
82 1257
112 35
113 1009
39 1869
104 2901
144 1865
30 1490
91 2360
28 1238
55 1481
126 1836
73 447
104 2644
19 2715
90 738
79 2568
17 2491
196 2861
120 540
189 1098
145 767
82 615
7 2490
102 808
74 1954
183 2436
191 2996
166 2849
149 2050
187 352
90 810
188 857
100 19
173 476
175 481
135 2573
153 96
83 1676
33 29
58 2192
70 375
24 229
75 2891
175 2134
193 394
122 2256
53 2552
38 379
142 669
189 2802
200 309
65 2831
113 1060
66 812
164 2813
112 1947
185 2050
168 590
65 195
199 859
153 1330
107 1415
113 1932
171 1887
2 2235
171 2395
195 691
36 64
168 797
15 1520
176 305
15 2689
64 1440
123 2545
111 911
140 2154
137 1470
145 1795
86 1332
108 1445
153 20
26 2771
126 9
127 2646
68 278
71 2557
24 1248
96 1408
9 1149
91 1644
175 1081
66 1215
115 54
24 877
24 2031
161 2379
105 1127
195 1353
26 2477
105 2335
59 2212
41 676
45 1628
11 2357
47 2242
181 2907
170 2623
178 829
185 99
10 1708
24 473
39 1932
42 1763
40 507
131 1407
179 1577
169 2532
90 763
13 574
172 2584
167 293
100 600
35 1528
73 116
9 2036
83 412
19 842
126 2025
133 2292
144 2642
194 175
185 2079
7 1214
4 971
141 723
176 2576
135 2366
125 2213
14 2415
110 2370
84 456
74 2822
10 1362
122 2036
89 1688
145 1757
118 1314
16 245
37 1588
154 675
107 2744
64 1106
95 2821
197 109
4 2335
152 1120
65 737
156 1488
26 1683
197 446
54 1508
97 2794
45 2419
82 1106
11 2803
151 2503
101 1704
52 928
43 1292
158 201
68 1051
138 2148
78 819
157 945
164 1579
197 2320
132 1126
169 2861
148 1503
164 226
171 303
47 428
56 2879
161 2004
132 1689
57 1701
130 2835
83 351
21 2139
92 267
98 1375
140 156
123 1176
27 1386
78 756
174 1962
58 1368
165 406
30 1344
62 1304
9 422
61 1723
193 1058
85 2370
91 1777
62 1021
189 1644
80 1530
49 218
7 1457
87 2739
79 1773
185 855
66 567
82 1514
71 1986
155 168
110 739
187 784
148 2220
192 1339
15 2452
34 1975
106 1746
130 614
10 2024
106 1604
183 751
136 2582
187 2057
138 1896
49 170
78 2668
31 1592
177 985
62 764
4 1186
121 501
45 666
135 1016
55 1921
144 284
70 2612
153 2624
104 413
86 2645
170 1784
184 1678
5 1501
105 1993
191 404
39 1780
13 2835
14 135
135 352
66 1465
36 1189
53 2516
186 426
167 2885
136 2484
105 2600
199 2314
117 2205
191 1696
125 2813
83 881
153 2106
109 233
63 1410
55 234
135 1897
198 329
1 2912
8 2185
41 1995
158 1639
75 2117
48 1606
163 436
64 729
109 2590
5 551
117 2428
156 1717
137 443
69 547
81 1064
111 1894
47 1930
160 2448
121 775
81 2416
72 2524
176 1695
190 2703
192 309
51 2192
166 2675
74 1963
53 1795
198 447
14 1554
140 2263
98 216
156 1620
39 2780
109 949
189 531
31 153
71 2443
50 944
47 825
17 2442
96 1110
117 675
129 1316
73 582
97 186
101 617
70 259
139 2753
29 893
69 593
167 1139
12 251
14 2092
119 1027
40 1614
193 7
135 2016
95 863
101 1517
176 2123
1 1056
174 2683
125 2777
81 1982
83 2003
150 1875
25 2678
17 58
61 1689
131 1540
44 729
81 2535
40 595
107 1301
58 433
65 2127
7 618
86 2293
176 448
63 319
53 2473
189 2946
105 1522
33 1129
141 649
143 202
42 857
15 2577
10 422
137 862
76 1368
154 1120
53 54
124 2299
21 978
166 1835
155 1043
81 2239
173 987
115 248
79 933
162 2029
138 2057
84 1848
167 262
164 2716
192 1704
26 728
49 1741
129 2562
79 1533
14 498
97 873
133 2788
88 245
69 36
162 1220
175 2753
184 1873
139 2570
83 1899
146 2308
34 228
152 265
179 1139
160 1515
83 1202
78 1061
142 2726
33 2000
192 74
126 1078
96 21
35 1574
44 377
178 1112
194 1141
48 1006
89 1226
163 1021
137 171
153 2075
63 2525
178 246
7 2933
104 1120
138 1095
191 159
113 801
146 39
35 1987
23 2325
131 2106
82 857
165 1315
24 855
45 1770
170 1412
196 1641
103 2940
7 2375
48 2736
60 335
31 595
115 2553
39 2977
89 381
18 887
148 70
179 2011
133 1937
119 1915
121 1199
75 2993
133 1438
130 528
103 2312
86 1423
32 132
184 2386
97 2214
186 2735
144 1506
193 637
130 920
74 1645
184 746
115 2079
92 2602
65 2603
148 980
188 655
169 322
81 948
42 2398
108 2727
168 901
51 2653
12 2995
71 2383
84 806
54 2579
81 405
151 349
172 2431
81 1304
147 5
113 115
41 899
93 2889
47 98
43 1417
12 2631
38 10
41 1900
82 410
110 94
113 430
81 267
99 1029
141 578
175 54
111 867
134 1039
8 2146
100 1142
186 614
166 156
155 2909
149 2913
69 2159
106 135
93 614
138 1487
198 848
92 1678
103 308
62 1863
94 1645
57 2260
82 2107
40 1251
11 1892
107 1511
2 861
138 2222
124 2826
36 864
55 102
71 81
3 1062
58 2407
88 1654
138 2293
198 2527
179 1000
159 2904
199 2053
74 156
94 2598
116 1638
28 299
119 2919
127 1240
94 1080
88 1947
141 1497
77 1369
88 2922
105 2474
114 837
113 1642
37 2763
179 2471
161 506
58 828
88 2486
17 2784
143 2555
197 541
26 1529
171 1734
185 2157
118 1906
119 380
35 500
12 1182
131 1037
50 2455
153 418
105 260
181 1760
192 1304
101 1224
194 2837
153 1718
153 1668
66 1489
86 189
107 2558
189 2028
85 1987
181 1316
196 2607
31 233
137 2986
62 2243
55 1620
94 1867
194 216
128 939
142 1741
150 1180
76 1412
200 1207
64 1922
103 2331
166 1713
84 59
13 396
25 8
27 1879
61 2455
35 2292
190 15
168 577
45 108
93 2373
191 232
133 753
81 2367
159 183
145 514
53 367
172 531
163 2031
188 2279
41 1569
18 2594
186 710
71 1513
92 2416
35 1452
26 819
150 739
10 915
163 966
105 2501
8 2480
92 2474
40 980
110 306
199 2424
171 2765
126 724
121 749
190 2353
129 2034
149 2484
38 225
33 1428
46 833
78 2073
79 1424
179 2873
196 797
33 17
125 2163
148 2326
176 921
119 2099
7 835
191 834
169 1186
161 1595
48 2554
2 2742
133 593
7 2928
83 1596
99 1931
51 385
66 2496
52 1116
11 2319
44 2304
85 2576
73 385
77 1137
83 2910
28 2487
66 1970
2 1332
182 875
153 538
190 1114
108 1842
44 1768
190 2038
147 1567
63 2997
68 1802
198 510
175 2854
102 2045
18 1584
148 2554
106 1188
38 2805
72 839
14 2324
176 1433
90 593
172 1309
57 2906
174 44
180 1076
65 1600
72 1420
81 581
142 561
115 1906
130 982
15 18
61 1275
173 2834
161 2712
51 1098
71 1119
110 1163
117 2417
50 2340
153 203
9 1854
38 319
152 1538
180 1709
105 2799
35 1966
83 2437
70 2011
109 817
112 2484
106 2044
107 848
98 222
157 2183
97 1791
184 634
59 338
77 634
94 1912
141 2639
27 2355
115 581
129 59
156 1557
158 849
59 856
3 165
199 541
22 1609
114 2501
161 2326
133 761
45 2501
137 1888
11 1469
116 1984
160 1533
161 2042
171 458
121 1110
119 140
33 1199
111 995
44 1997
19 6
179 1455
185 603
37 1684
83 1143
9 633
180 324
186 2770
108 2374
16 1761
164 1861
130 2895
53 2282
2 791
51 2
84 651
139 1148
177 831
85 2859
47 1908
31 1048
150 2295
174 961
73 668
45 1474
65 2932
143 2469
57 2486
31 1963
133 670
60 728
193 1400
95 2178
53 2826
87 1653
29 1148
83 58
99 1989
12 155
195 1330
77 156
143 385
7 2309
47 961
193 2169
140 1809
16 1310
176 2587
191 915
22 995
73 2620
89 1311
135 1752
8 2807
194 1531
186 836
121 1679
75 2977
165 2148
148 1369
6 2252
84 1945
162 2790
1 1657
13 1081
40 180
162 757
159 386
126 2113
34 818
43 1137
182 524
129 1514
44 498
57 2591
179 384
84 75
132 2149
8 1498
119 1743
24 2174
193 487
128 250
148 2446
21 825
95 686
126 657
94 1000
170 1192
59 1133
188 1468
183 378
162 128
107 1910
36 241
78 1069
157 1685
185 862
34 1588
68 2461
85 1507
81 595
37 817
91 2185
147 977
88 1372
113 174
44 1201
98 2801
113 1379
152 445
12 1845
51 2747
164 2046
149 2886
91 1490
33 494
72 2102
173 859
185 646
142 245
145 832
27 263
188 2266
116 2004
39 419
122 960
175 2399
49 1903
84 183
134 2407
78 509
31 1527
75 1751
157 2271
159 2192
95 939
45 1584
125 1438
50 576
65 1462
46 411
106 1793
197 499
50 2704
106 2322
192 699
124 1958
94 1325
73 2104
195 435
52 1228
63 983
146 2504
77 1332
33 2877
128 892
123 2777
192 958
165 1400
91 2895
26 1604
143 2487
25 25
153 655
26 2707
170 1551
197 1646
167 839
91 1503
53 2716
197 972
99 1489
147 2562
132 1630
147 1446
134 2960
69 2472
178 78
123 1606
37 444
38 2237
118 1020
192 452
42 1761
39 2822
97 2887
88 535
23 2865
195 1162
25 2493
75 1016
88 1294
140 2571
56 95
83 148
76 641
105 491
175 437
88 2867
92 335
113 2127
66 531
101 2456
102 2827
18 99
20 1864
174 545
177 919
83 583
43 1480
115 1597
67 858
178 803
40 251
174 2555
84 1014
26 2040
22 415
47 1772
180 1872
126 2661
69 457
129 656
157 752
34 2334
39 320
156 2491
34 1915
40 2589
130 2269
151 881
176 2600
16 2900
25 3000
108 1660
80 293
27 273
195 2072
171 2592
49 2684
177 887
72 2945
8 2107
126 1212
74 318
114 398
120 500
104 1189
122 744
155 2692
67 1319
62 1718
45 1654
45 1042
84 1045
10 1755
104 348
135 2094
38 1866
195 175
183 2002
131 213
164 815
27 2427
12 686
76 245
149 1634
199 297
23 360
175 2535
55 1547
86 648
101 1879
75 2742
4 1431
95 2506
200 2761
25 2704
136 1987
138 2859
61 2198
198 1273
10 547
137 137
196 1277
169 627
7 375
28 2566
154 2164
57 246
170 2
5 2902
176 1688
40 356
167 452
145 2232
4 2586
92 1946
140 2461
184 2246
162 2087
149 2582
158 1792
34 2036
4 1132
1 1415
97 2156
88 2564
91 208
7 2633
40 2055
73 222
189 1199
164 171
71 1304
177 959
122 552
182 2058
115 2708
136 1326
177 2441
16 1763
72 1462
180 2257
116 1201
182 238
159 1904
99 120
190 2498
131 393
22 1919
17 36
84 2279
23 55
137 1395
101 143
148 1110
97 2780
115 481
31 1589
44 551
84 784
152 2558
141 1857
193 696
156 1451
88 2443
164 1404
105 1817
6 31
183 1861
191 2634
3 2222
93 1982
149 732
14 2552
14 1915
5 690
146 2748
187 837
115 2678
47 1853
161 1722
150 101
46 1984
85 1082
68 415
117 82
52 1201
104 601
83 534
77 820
79 892
110 1077
58 1119
69 1490
95 496
163 55
87 934
16 948
85 2896
193 133
191 1636
130 2974
63 507
182 257
171 1346
173 703
133 762
64 1131
81 290
119 567
100 1155
77 2257
36 2623
61 1339
129 207
94 782
63 1309
154 1671
180 243
56 2098
154 356
118 1398
163 36
140 72
103 2561
75 635
98 1336
101 2855
114 2937
143 957
17 1559
67 1076
46 1056
57 1444
109 1351
165 2080
198 2830
24 2073
112 908
117 203
14 804
181 343
147 698
87 736
192 2529
14 2433
157 1843
9 995
57 2528
101 2016
128 2522
165 2515
187 452
41 857
147 106
166 1566
49 1212
161 1071
59 286
88 1030
113 269
81 2653
37 2306
121 104
125 2032
170 2803
167 459
110 1608
157 1393
112 1307
94 1230
32 1462
8 760
22 1141
38 67
125 1284
24 680
52 1215
18 2345
47 432
32 481
56 1127
1 641
46 1351
140 2375
97 1840
110 470
178 1709
189 358
176 1216
54 942
189 2246
79 288
62 195
132 2925
95 329
115 2119
145 1274
12 2253
105 1871
17 2352
150 2600
129 1187
59 2092
200 1285
100 1577
56 1782
5 883
128 1552
37 2726
109 2037
102 952
181 1954
165 261
16 2964
7 2289
95 1423
29 1112
132 1055
125 809
112 1319
85 2454
97 1623
102 135
142 2941
84 2849
19 602
61 2506
180 678
196 230
179 2861
34 172
10 719
170 2689
100 712
168 646
153 1687
133 968
161 188
126 2665
20 1845
119 188
38 2179
82 2948
66 1965
153 2786
175 1951
81 1394
49 23
40 460
183 160
74 2750
93 787
119 605
140 2445
62 2122
196 1748
167 1491
199 2210
125 2765
119 202
82 1627
39 1949
128 144
58 1120
179 758
194 1157
126 1638
161 342
93 2498
161 91
173 2390
31 1382
119 1469
193 2553
159 1075
46 2525
98 1545
93 2521
173 410
133 1139
48 2285
110 770
46 104
46 166
97 2053
99 1896
183 1615
183 61
182 1993
76 2807
91 2842
17 2104
59 2031
151 576
120 875
27 506
110 450
53 246
86 2263
130 2080
93 1934
175 497
6 2132
134 953
16 1324
24 2261
191 2416
40 1114
123 1201
165 2793
138 107
55 1796
67 1667
133 1080
159 1075
2 2855
60 2886
164 768
183 2099
37 54
36 957
52 662
159 646
58 2128
69 1559
56 674
30 584
189 1245
127 905
121 907
199 604
18 1291
65 2595
11 1532
133 345
84 237
42 2175
112 2912
171 1829
26 2168
92 951
167 1980
182 921
15 670
25 1175
148 2791
18 944
196 2485
117 881
6 1630
106 1757
129 1995
110 1092
156 1360
7 4
130 863
124 733
177 633
153 243
77 1668
144 748
99 917
106 3000
148 1702
24 2975
169 435
11 887
59 547
74 246
186 1213
198 2343
20 1715
74 1839
58 2882
171 1398
102 892
67 390
129 719
71 1390
70 223
93 693
3 1418
98 2391
121 2138
24 642
175 2861
139 2147
66 2888
105 1955
60 1586
144 209
116 603
141 2000
191 1029
34 165
183 681
37 552
4 1914
78 558
141 2701
101 87
69 359
78 2577
187 803
120 2219
123 1693
82 2699
186 2316
68 2233
138 1881
120 929
55 65
153 1519
72 1850
29 1372
17 2757
107 2324
155 359
146 465
135 952
152 390
136 1318
196 831
184 723
43 1268
195 2410
146 2131
172 524
183 2117
125 1734
18 543
109 876
184 2986
13 830
166 2014
43 1690
77 910
32 1966
15 2217
148 2624
69 708
21 2773
164 2860
105 792
49 69
92 2110
157 768
76 978
170 1177
3 986
79 1042
187 1630
196 2582
194 2805
56 2882
68 1454
40 1899
168 2007
121 1615
51 693
121 511
67 2166
54 1004
123 2911
88 524
122 2708
51 2427
78 2595
10 359
98 180
154 339
80 2311
153 798
19 2663
171 1533
196 2405
75 989
156 1607
59 2567
180 1518
56 1354
31 1976
54 2438
29 2173
124 2367
80 1562
128 1625
25 1801
66 861
130 2759
41 166
64 1445
136 761
174 398
36 2872
148 1676
1 144
148 2537
171 598
32 2604
2 2117
54 300
40 241
165 344
26 11
153 1886
156 1068
162 1709
144 2596
89 514
98 923
25 2238
178 1376
63 1256
90 354
102 2984
72 633
74 2327
165 2501
55 1890
37 1162
200 1683
55 1972
141 2953
162 491
177 794
166 738
103 1442
5 1418
21 1517
102 2018
105 500
40 2893
4 2217
171 1427
18 859
20 2035
13 1129
6 2518
179 2137
130 370
117 1699
142 977
37 418
184 501
69 112
62 2998
50 1602
90 2595
114 1461
197 456
48 826
9 2215
36 1786
164 1887
101 1711
51 1610
89 2552
83 2376
136 2225
147 1247
182 1353
20 463
43 718
136 1742
39 1146
17 714
120 1846
200 2040
143 1151
99 2791
185 985
189 602
171 2172
61 1184
136 1721
193 2959
110 1677
163 1442
31 1222
13 1207
188 850
6 2287
24 2615
18 1599
15 456
168 593
85 1904
190 2724
16 798
150 1092
106 1424
48 2459
133 2545
76 993
109 574
21 486
140 2030
195 192
126 2948
45 1662
73 789
111 2537
180 1536
176 1508
6 2314
147 1706
122 2549
183 1757
147 382
115 379
43 1570
3 720
68 697
118 2653
66 1795
35 2248
40 1102
39 2606
80 2584
174 274
196 1441
5 1970
183 1672
3 2694
186 819
102 163
197 2779
85 2534
108 1045
110 283
92 903
103 974
156 1315
83 1975
100 2152
118 20
117 1632
54 1113
137 2254
200 2742
74 649
150 1783
168 1842
20 2672
36 1026
60 1777
155 2302
104 762
180 780
63 1550
43 253
101 1514
133 192
102 1028
112 2180
129 493
143 1378
166 2444
170 50
50 653
107 1860
158 2993
110 1264
16 728
94 2300
69 2185
27 2144
21 225
166 1786
30 2346
14 289
18 1185
114 2253
47 1677
190 624
28 1215
17 828
69 2119
110 978
108 1000
102 968
180 1562
28 1841
75 2807
25 1931
7 321
108 124
152 89
171 273
112 2439
21 1759
18 2890
82 2436
158 1964
195 770
165 1834
18 943
179 1924
76 905
101 1336
2 595
51 1560
103 1740
178 2764
15 2174
133 3
137 2128
27 2048
198 2898
93 2717
71 1234
174 2801
164 1750
50 271
21 699
57 846
159 2397
12 1373
101 931
79 425
128 2668
198 1039
43 2763
50 2845
141 902
147 35
7 1814
80 1500
121 2356
165 342
106 1881
48 155
6 1741
37 2608
72 1596
172 1777
1 751
28 456
24 2297
131 904
174 2036
145 1905
159 2015
43 844
66 2354
123 1666
44 976
196 2116
16 347
88 2656
106 2546
40 72
171 1680
64 2537
91 997
137 2837
30 937
46 517
4 717
16 285
69 468
162 126
142 1599
75 144
32 552
1 1071
160 37
37 281
144 1690
23 1028
154 2763
71 2569
177 1391
162 2635
183 1089
132 906
85 290
23 2156
46 770
103 2222
59 2804
140 614
53 1158
144 1059
54 190
43 378
2 654
156 2123
140 1637
27 2011
18 1209
51 1458
186 989
164 2272
21 258
156 1977
41 1295
173 2085
4 246
136 1882
14 339
174 440
92 1666
171 2225
23 2122
193 979
182 1128
56 1841
94 2050
110 316
56 1403
177 1785
116 1114
181 829
149 1897
37 2518
163 211
144 242
186 1246
4 1079
76 530
149 651
47 1587
53 126
27 2332
38 808
177 2515
182 188
160 2722
108 423
94 683
178 2761
177 2490
14 2210
76 1667
43 2998
8 984
138 105
27 842
33 2602
128 1844
69 2386
73 615
48 268
52 2236
130 654
42 936
15 2901
122 2363
170 773
108 2775
32 2653
146 421
2 2990
9 2572
8 1353
147 2782
61 211
184 2430
26 1005
47 1664
114 832
64 1496
93 1821
171 1935
184 2858
152 470
71 1045
36 671
50 555
131 426
143 2103
142 1232
46 356
67 1972
68 562
130 1906
84 151
153 1758
86 1823
165 1130
75 1629
8 1622
182 777
61 1848
134 733
86 488
69 1456
66 745
191 144
128 193
21 1615
56 1752
128 912
90 543
46 683
84 1718
30 675
88 2076
153 2217
106 1056
194 863
189 536
51 2330
177 2853
13 108
97 1916
160 1314
10 132
103 2021
166 1015
62 849
169 779
163 1240
89 568
89 649
99 342
184 2132
191 2388
91 1551
199 129
63 1398
167 931
146 762
28 1575
182 1532
122 1321
31 2799
154 1399
66 2931
72 1186
139 1212
57 2799
56 1009
12 2509
123 307
42 1316
195 1796
97 2810
196 1
173 1537
94 1547
174 2160
66 987
123 278
115 2794
147 2244
151 704
69 1647
19 747
111 2600
169 904
94 911
87 19
197 2094
112 2363
82 1147
6 149
10 2632
22 2345
165 1496
118 2821
64 2465
154 563
5 865
58 971
118 1361
62 446
134 450
191 533
73 1836
30 1773
136 777
199 1302
135 1515
174 421
167 2662
79 1624
177 2029
164 701
188 74
185 1058
161 617
27 491
126 2161
70 2735
28 2705
152 2396
4 2785
110 1644
5 2532
149 2802
72 2220
100 1141
160 2345
96 1561
94 2755
100 678
188 1297
131 1222
151 926
105 74
33 1785
167 1817
60 1866
82 2628
131 875
54 49
93 1654
10 2844
62 2836
137 2324
113 2865
112 690
154 2119
24 2892
129 1038
152 1004
176 63
89 204
172 283
102 1412
164 2387
44 2704
49 1705
146 2391
91 1461
100 2400
63 2729
46 2534
3 2678
7 2495
15 661
192 1012
25 2897
141 500
73 2611
90 225
154 2450
181 2244
161 1361
29 2255
11 1658
193 2914
69 2603
177 1309
33 2204
31 1068
51 142
88 1605
58 285
57 397
18 2961
56 1299
182 1055
69 1548
195 1545
198 2492
192 1390
35 1269
150 1636
52 1750
167 1410
136 2283
133 1467
29 2465
78 1987
3 1110
129 822
199 826
83 1084
86 244
6 2815
158 49
163 611
92 2173
67 1126
153 1169
150 501
165 972
38 2142
194 2268
153 1325
95 2928
62 368
15 2684
14 2990
165 2015
75 1973
173 1291
104 1052
24 1624
137 1319
105 2817
89 692
129 2027
190 1427
177 2720
93 275
88 325
46 2181
83 24
172 1207
156 702
44 2024
82 1343
20 1566
173 1919
26 864
10 1399
84 725
80 776
91 2059
10 468
46 696
153 632
100 2876
92 262
181 968
27 2457
164 2021
7 2504
149 2122
183 569
89 2289
169 218
183 2822
29 1234
64 616
90 1513
14 2034
128 1144
181 1195
106 1347
84 293
197 757
163 813
188 2139
69 678
162 71
51 994
46 2752
109 2019
195 1162
3 1868
191 2423
108 2158
66 575
193 2814
161 2459
146 1853
27 1150
112 1708
155 918
27 2294
95 1989
109 746
135 52
28 1537
138 2152
185 1343
38 634
108 1922
86 2938
170 340
36 1652
84 223
158 2938
153 2576
181 1089
160 388
196 1498
105 2057
117 2346
199 2568
21 2279
109 2942
31 1744
87 165
39 1849
47 1236
185 1554
48 2347
46 226
96 2319
23 612
14 410
32 2392
93 595
12 2786
148 2255
43 1923
160 965
80 447
78 2715
121 2300
48 759
147 1052
195 1425
147 1693
97 836
141 2437
2 1393
188 1296
69 1892
44 758
140 1748
194 2262
142 549
58 2899
120 2620
76 2170
87 2105
7 45
47 1692
70 1928
9 817
104 423
106 799
94 357
122 2783
38 674
198 589
95 796
20 50
159 1851
153 813
13 608
142 252
137 1205
69 787
42 2331
178 20
160 147
147 1056
110 2608
150 896
117 230
188 2619
106 947
110 1200
80 2815
50 1758
115 588
121 1376
37 2027
55 1187
42 831
92 1886
113 1277
95 2326
51 1112
52 778
120 2598
85 404
148 600
166 5
104 427
147 1165
195 109
198 2593
163 2726
188 324
17 864
80 230
187 1579
57 1810
154 2850
16 2479
25 2748
105 1455
146 1183
72 2630
73 579
79 1645
50 2285
161 55
45 1086
8 1209
17 39
131 646
139 489
194 2564
157 979
2 1835
175 658
145 2469
127 1744
75 1603
161 1312
87 317
156 2306
25 1961
78 956
131 137
7 72
183 474
149 2533
31 1491
121 139
41 1041
187 1674
13 2460
161 624
4 1968
69 934
84 13
57 174
179 1165
127 1457
131 2072
72 2685
17 2693
158 95
119 148
181 365
7 1796
96 219
177 1396
15 1105
123 801
61 895
185 1792
116 665
142 2700
17 1613
189 1900
155 572
8 1882
141 1883
16 676
193 2719
37 729
33 1607
67 2301
190 2914
80 1474
32 1092
49 445
71 2365
119 894
37 628
68 1383
125 1832
185 2568
14 2336
109 456
150 1826
116 2990
191 2044
87 2312
116 1074
42 2952
103 586
131 1298
198 1730
144 1639
142 141
45 321
50 1070
135 1282
141 2136
31 884
7 1590
51 1099
6 732
193 1990
197 105
77 916
35 2695
95 1233
98 884
109 2083
72 888
74 2152
110 608
74 1843
17 1694
199 2690
199 190
197 1360
175 1167
118 1310
118 1653
119 111
56 2477
119 434
193 1345
49 2982
153 750
26 2993
122 2597
81 2652
118 1556
185 662
115 1337
200 513
55 1837
176 283
126 348
29 1299
189 792
24 2545
184 2206
165 1386
31 2598
182 763
80 1093
169 518
68 2645
108 2277
171 493
80 142
62 173
88 2810
65 2942
138 489
124 765
197 2306
141 2963
77 211
85 406
189 1663
144 2684
91 1529
144 1085
43 2771
111 2533
139 1621
194 2398
61 2087
174 2599
14 2692
100 2679
123 1818
165 804
129 2863
37 1217
33 63
49 408
169 2603
121 706
146 869
57 2516
34 34
162 811
7 2667
1 2108
134 305
43 2209
169 2806
110 531
33 1390
143 248
162 2301
35 931
1 2641
164 2798
23 122
21 850
24 2568
123 1514
175 2023
124 45
135 806
62 1301
41 2002
167 2668
195 250
102 2664
121 1871
166 1464
169 2864
51 1628
3 105
171 2474
194 934
15 165
178 1842
169 876
45 2196
109 1335
188 2621
144 833
102 1027
185 2027
20 1604
180 1469
181 685
133 1225
175 2587
163 2651
98 229
99 1470
113 1571
166 979
50 2778
127 2255
185 88
106 225
13 837
13 2379
66 496
70 2009
134 1551
122 2604
121 1600
84 2363
67 2471
93 2877
19 1382
114 2333
143 1240
101 1052
143 1231
164 881
147 2493
185 2427
129 2267
126 2684
1 2286
114 1925
24 2474
47 1997
92 2951
34 2767
46 2172
63 196
39 1809
159 1569
3 1387
148 2793
112 224
38 2073
122 591
116 1970
49 327
59 414
141 1682
35 1388
176 1197
145 1171
17 2182
175 1608
93 1570
16 931
97 698
55 731
65 373
159 987
148 197
115 2064
57 953
48 1840
173 1687
25 590
9 580
52 805
77 2150
103 2958
154 408
6 2324
131 1447
119 2387
172 1917
67 186
120 1566
109 1135
139 1164
132 1626
181 641
70 1488
92 1765
33 1835
118 2644
32 2834
127 931
73 52
71 1922
154 344
96 2370
37 110
199 1773
78 1605
51 759
67 1822
195 2141
182 185
149 2084
173 2657
160 707
175 2335
197 572
101 442
196 565
185 2563
154 2364
166 2878
173 1883
100 2126
103 416
13 50
43 633
70 1092
91 2063
129 188
78 2595
33 452
9 1714
92 191
147 244
164 2480
89 908
107 1914
189 1539
48 344
65 978
173 2260
184 2027
167 2089
141 1604
109 880
194 1019
193 301
78 1501
173 1655
115 274
178 1226
196 1798
45 2816
116 1581
54 1361
161 1880
166 2356
95 2484
175 1437
100 40
37 1916
2 2205
4 955
162 1719
190 1917
197 2480
99 2735
157 600
99 2201
44 1926
37 1795
141 2211
180 2920
184 260
12 1295
20 1059
190 2003
122 2956
62 674
64 1653
167 1679
81 755
6 773
124 1028
166 265
175 989
62 410
41 2332
177 1287
122 27
128 1236
188 2651
149 2546
35 1445
148 2746
123 1378
167 2761
185 2413
132 1902
143 515
77 2498
177 568
108 1112
25 2692
186 485
78 2113
174 723
32 1736
67 621
121 624
179 495
147 2373
38 1884
46 1059
51 2554
57 2342
67 1621
75 1692
21 1597
121 1918
111 820
4 1638
100 2404
132 1595
18 131
32 579
150 2763
149 396
21 2058
62 2699
115 2952
24 583
126 958
63 1016
24 463
183 666
103 2857
21 62
30 1177
58 2600
59 468
100 2602
120 2385
17 2404
114 1016
67 638
75 1129
81 878
187 1778
151 908
34 804
118 1309
15 551
45 1004
164 976
63 2199
42 2794
192 49
53 60
197 993
114 1272
27 630
38 1775
86 1175
171 773
124 1720
68 2974
170 1590
171 2240
161 2839
142 2103
29 1345
40 2160
168 1746
165 944
129 2657
64 1093
82 410
21 2370
33 1902
124 71
195 2150
123 986
80 539
128 282
174 957
180 2627
56 254
143 1579
9 178
84 641
121 669
62 1016
101 435
52 574
42 598
68 1631
15 2450
79 134
182 500
33 53
103 2210
61 1135
67 1853
142 55
171 1160
7 1283
118 2571
152 1797
135 2037
195 2007
54 2802
174 1180
187 1385
177 1091
119 2850
164 2038
116 2346
46 1889
156 2829
175 29
187 2538
110 938
177 1955
128 1509
13 2521
11 2221
11 1438
177 1577
57 534
92 672
181 1752
83 261
114 1970
156 63
71 1897
120 2468
138 535
62 2050
68 76
75 1782
26 2424
169 2939
29 2787
139 773
114 536
158 909
145 254
11 951
110 472
80 1907
136 2382
118 2034
66 1184
167 768
189 2478
165 2223
48 2563
52 1208
34 713
168 1617
159 1626
61 17
182 1399
53 2761
114 561
80 109
99 1227
49 883
198 71
87 2174
18 304
187 829
48 1951
191 1514
160 1221
195 2989
15 1020
5 578
78 1742
24 2608
53 1535
147 555
109 2616
72 1990
9 2407
33 818
57 2888
110 522
126 2619
40 1165
136 1040
110 1890
128 1250
101 1994
140 1073
170 1760
172 1969
11 1904
115 1058
41 294
39 969
77 2941
184 1098
173 1688
172 1031
122 39
146 2905
170 2682
186 259
199 2573
133 1691
54 1521
131 2226
120 988
86 1561
73 2382
28 1587
72 1661
144 1496
77 1320
122 418
166 788
109 428
178 888
191 1793
95 606
109 2726
76 3000
28 400
66 2829
198 297
86 2549
61 1420
182 965
107 2502
66 1686
1 1315
70 1426
63 66
177 2337
89 699
159 1429
177 1952
36 1773
110 2898
121 1730
56 1634
96 2488
138 877
127 1376
196 2046
20 362
6 1991
67 1330
119 2945
169 1977
113 2457
20 1480
37 1319
191 30
114 1343
56 132
158 2388
103 1887
84 847
32 452
132 378
23 2575
8 554
159 1688
138 345
144 2909
182 8
134 1127
47 2552
106 1017
2 1474
164 145
112 2540
151 1066
66 2807
192 1986
93 422
31 322
81 1913
54 1993
39 83
81 2170
186 2125
175 2080
124 1677
174 1921
128 502
160 768
141 2979
52 1194
85 115
184 1317
188 729
171 1876
186 2706
16 2278
30 2502
65 2014
81 340
1 1240
169 1199
21 1396
171 2217
40 2189
29 1330
164 894
161 1353
189 641
126 2272
112 2162
150 1156
104 879
36 1981
114 553
167 2213
191 1018
15 2732
51 2040
150 2809
145 1679
62 1010
138 2718
182 498
200 1095
151 1685
197 1645
51 1405
33 2945
136 2236
74 2622
110 2932
122 1289
14 555
133 1298
61 1192
37 2664
22 965
72 2420
190 2833
94 792
157 2703
118 76
18 2538
120 709
170 2448
45 1867
196 1689
73 1070
13 1371
78 93
171 1335
9 2564
70 2199
158 1305
9 411
71 236
82 1955
96 240
41 147
123 1290
187 2923
138 2301
139 961
88 503
66 2954
89 137
164 1023
40 1314
93 406
91 2518
179 1704
165 51
8 540
127 1165
4 2354
117 291
165 228
133 1889
141 1340
46 1761
87 1934
56 2785
103 246
194 1182
7 1485
110 655
123 1367
176 949
63 1875
78 215
83 351
143 878
46 564
107 1340
108 362
187 1289
77 1640
145 581
134 1086
99 179
147 2680
37 2945
133 794
20 1879
114 2102
75 1743
104 2501
196 2972
131 2802
30 1114
166 2049
101 352
102 2385
110 2710
28 2341
170 2231
63 77
126 631
182 1554
84 1682
64 2613
60 22
180 249
105 1584
106 400
178 701
69 2113
192 2830
92 1298
69 1704
43 2799
12 2389
148 2149
112 136
10 2865
55 1787
54 1728
159 156
147 2740
121 1752
36 2817
199 850
78 2190
119 2852
3 1230
41 540
33 2040
48 866
179 2065
100 1051
135 2591
9 1102
55 1437
182 298
86 507
164 870
127 166
195 1231
163 100
76 1449
33 292
60 2283
31 620
26 1243
50 2491
188 2610
31 232
118 20
1 2869
3 2892
175 2424
115 2944
65 2417
194 2050
145 45
125 2544
114 460
150 998
126 2890
3 682
194 2336
30 1993
174 380
129 705
167 2403
85 2800
15 2340
173 80
131 837
42 264
110 1506
179 1038
181 1705
199 1727
6 2371
18 2295
29 2690
199 1155
86 1966
127 600
98 678
30 1959
186 514
148 579
81 447
162 86
139 2984
120 1047
59 1748
55 2916
80 2904
173 33
187 1268
116 996
58 1060
97 105
56 851
5 1890
74 1215
113 9
132 1648
81 2312
48 1787
108 142
42 138
185 1037
57 717
124 1974
166 1180
119 2155
22 2192
1 790
83 2427
171 2035
51 853
23 2869
129 651
159 2766
113 2725
76 1136
120 2342
123 2619
32 1211
3 1110
154 2736
10 2525
131 2342
93 1731
180 134
113 573
160 2910
174 469
58 1567
131 1320
41 2572
175 1746
162 594
104 165
87 853
48 1136
188 2446
86 229
172 1119
49 628
160 2034
119 1832
34 985
177 2085
93 2829
109 456
134 2581
81 2683
78 932
22 2635
100 1546
157 824
155 2899
24 939
144 1092
33 1090
87 1519
84 2080
164 2717
57 1720
175 1901
63 1722
78 10
51 2896
45 926
57 2542
29 21
174 2212
35 1977
74 2626
195 2928
121 323
30 2473
59 405
35 408
70 1753
175 945
84 1978
71 245
183 461
39 2592
81 2249
4 804
158 1452
36 2003
58 1554
116 2495
3 1529
35 1133
86 833
42 2316
95 794
43 1598
153 2798
196 282
68 1247
105 372
184 2921
89 187
39 32
32 1701
1 1165
131 503
151 828
119 2318
186 73
142 2934
53 2187
91 2253
193 1956
157 1434
62 2356
151 77
151 1749
118 265
36 471
116 637
160 2187
33 2647
49 279
25 124
117 1128
61 1200
6 7
7 1965
118 2542
159 2432
191 2605
28 724
61 2713
7 1210
69 2759
157 1250
74 1428
61 1591
147 2060
88 2267
78 248
179 1290
200 788
104 1084
8 218
6 2310
192 582
161 1227
148 1259
20 1070
38 825
91 2725
167 726
67 1288
184 1837
37 1121
145 2490
112 499
7 1993
67 1016
49 1349
62 2387
158 2542
60 877
168 1609
164 2736
16 758
91 2485
5 869
190 524
161 1023
186 1917
9 1508
38 211
104 1595
162 2573
23 869
189 423
169 2756
34 2143
28 1367
163 2251
152 1743
46 2890
53 1963
88 2397
6 1146
17 1156
27 1380
186 1557
16 2259
89 728
22 1915
116 2766
48 683
29 84
81 2525
179 558
183 2763
54 1703
185 287
177 1201
96 851
52 875
32 2897
103 2818
149 1215
48 1943
128 873
65 198
175 1104
18 1799
86 1842
17 221
4 1748
40 361
77 827
54 1192
124 313
188 454
14 1202
79 2444
106 2278
4 1226
58 2312
22 2980
188 1479
51 2101
45 857
144 2168
87 1174
39 1295
76 761
4 2680
85 2818
125 760
176 2682
122 89
104 2986
176 915
121 274
38 88
37 388
5 1356
121 2386
53 2566
119 331
5 643
126 631
128 1232
138 809
98 2867
51 2278
139 734
38 1946
190 861
32 2157
99 792
121 1109
120 1877
91 1853
140 2395
58 1230
88 121
95 1916
160 2642
13 1243
92 1224
4 1666
35 192
24 1699
190 2399
7 2052
129 1299
134 2814
113 276
84 2489
122 2520
49 2238
76 2720
183 1796
169 2648
180 1140
164 2288
27 2623
3 1727
15 793
24 2985
7 2325
182 1958
178 2372
61 2856
81 1364
137 2835
149 658
174 2867
43 2126
43 73
70 1148
13 2912
178 505
32 2760
66 36
48 1993
118 2482
143 363
74 2716
64 990
75 2628
163 1043
4 2289
146 2364
82 377
92 2828
51 1074
52 1687
198 1314
185 1904
70 1512
93 217
179 379
19 1579
32 1827
63 1604
195 2901
24 2097
86 2961
52 2311
165 1219
199 1520
198 684
189 2979
30 142
141 2195
84 2457
77 17
165 1512
87 1618
173 396
160 1875
80 662
76 622
160 2692
71 2419
15 784
1 1264
91 2464
63 2824
171 213
73 1829
171 2165
49 2607
39 2681
5 1147
11 2812
10 3
97 997
134 584
161 1866
115 2488
123 84
52 1047
180 1951
148 714
67 1228
29 1684
4 2079
22 1273
138 2805
172 1756
179 2985
192 2935
2 2212
19 541
86 384
196 2628
156 2200
195 2888
91 2514
196 722
16 1596
141 863
124 2469
2 2128
62 395
144 2504
140 367
16 2980
110 20
128 2424
95 2595
184 722
113 870
66 595
7 2055
153 642
80 2334
34 407
52 1414
167 79
76 525
30 261
200 1364
103 628
156 939
126 693
143 2561
39 1353
65 822
24 688
54 2485
13 2357
76 1989
83 2990
37 1669
22 2486
163 1728
45 1712
25 2448
155 2537
56 834
40 2048
175 1637
130 447
132 1881
194 1981
133 32
31 1801
110 909
115 658
115 2181
5 206
75 2656
183 1012
61 876
123 1935
2 466
88 1825
199 2336
94 2697
102 751
97 2678
99 2863
103 493
120 2945
133 245
62 554
124 92
57 1326
199 2579
85 2895
69 2640
137 1708
190 296
61 6
94 1247
50 995
51 967
93 2067
82 1129
116 888
194 2755
131 1876
131 1286
152 2867
80 1172
158 200
63 179
193 648
142 1978
135 2447
74 1241
40 2226
33 43
148 182
188 2404
18 103
146 2423
188 1950
109 1293
162 468
109 1357
55 2290
14 1874
139 320
22 2068
194 2801
66 1724
134 2315
158 2968
138 564
37 1193
94 2895
132 2396
154 1988
159 1937
78 769
65 2112
142 111
14 2947
120 2236
45 1426
62 882
21 2881
12 1724
41 2972
173 285
181 1514
119 2537
2 2075
129 1160
27 305
156 530
150 2926
76 132
43 283
76 117
161 903
29 1726
53 956
145 693
74 1690
37 815
101 2187
21 326
184 803
196 399
79 2266
66 2061
78 1595
147 1497
72 2353
42 323
148 797
186 577
101 1663
150 1722
148 1248
155 2260
81 2154
90 1087
106 1735
143 2168
183 1980
99 1664
83 1162
97 475
167 2645
199 2771
74 671
200 1532
114 2202
160 305
195 2099
186 2590
72 1721
56 1454
120 1746
7 1444
86 2536
63 1958
156 2762
174 585
95 216
82 2053
62 1969
84 2189
153 1305
137 2668
110 1259
112 145
196 864
171 438
191 2250
70 2119
13 1731
45 248
65 1320
152 71
117 594
19 1986
11 2604
27 2402
7 1677
190 1593
165 35
42 2640
50 2317
152 581
33 449
118 2487
182 2132
115 1968
140 1770
171 1624
169 995
119 531
181 1248
103 93
132 921
7 2380
149 1515
187 818
132 49
81 1137
134 815
161 379
7 1849
102 1111
116 1663
55 1239
183 2522
79 2755
150 1761
39 2582
17 798
176 2179
111 2932
164 2442
123 707
126 192
142 1413
10 1013
25 2304
178 1482
50 314
15 1711
27 1420
179 2428
132 1294
68 275
193 2871
11 1571
155 2524
46 1997
31 268
44 2809
62 1005
26 2047
73 79
70 2357
109 2923
138 533
71 1503
140 480
16 2596
141 1629
102 2326
66 2580
25 349
139 1354
196 2248
177 2354
142 1188
88 100
21 1393
170 2043
17 84
120 1336
188 300
112 2084
153 1754
17 1288
193 2946
68 2129
69 2628
178 2054
196 2795
183 2733
120 2209
20 1260
174 45
5 1912
164 1186
152 783
16 1440
199 2320
82 1232
15 287
37 397
143 2428
24 2296
79 404
119 48
71 2633
142 2456
136 2445
11 1229
23 514
3 1086
90 719
13 266
46 1136
41 2651
159 2932
77 1745
10 232
102 5
52 1846
34 138
38 2489
93 734
75 1467
60 894
174 2337
157 268
174 931
105 117
186 2872
114 2478
124 1890
142 299
160 2334
111 318
67 2047
141 940
65 2603
83 2389
149 372
55 1267
58 1086
3 2645
116 789
13 1924
98 1662
57 2263
17 2166
164 483
196 1362
126 1110
196 530
153 1727
102 2276
187 2862
72 477
46 610
134 90
93 23
15 521
85 121
154 2196
24 497
19 2670
74 2303
111 839
60 1738
184 2577
79 2630
52 1404
55 1431
43 1643
28 498
79 2713
160 1914
129 2762
9 277
86 147
42 499
136 186
127 210
73 999
65 4
22 1712
43 2929
63 449
198 541
96 1714
120 1139
160 898
29 2899
182 1178
190 1909
147 171
199 1909
69 2611
166 1279
97 2902
97 2252
165 1886
93 2040
38 704
184 2553
37 2934
6 1044
197 110
122 1825
124 2461
74 2338
10 552
89 1941
120 2022
6 2908
102 941
28 2992
162 2192
44 30
124 2709
98 306
118 732
41 738
63 12
12 1497
24 2971
40 1923
51 49
76 2651
163 281
193 438
50 2232
160 1284
7 2940
100 1334
14 2423
123 1074
41 1207
179 629
156 1469
31 456
139 1282
94 1356
136 1145
30 2383
28 103
96 549
31 322
67 442
167 2180
105 977
121 2250
127 2819
130 1804
61 1777
15 82
46 1057
27 1734
16 1648
173 795
57 1783
136 2685
85 2719
65 2383
127 2348
111 2577
81 2201
52 2720
65 850
102 874
139 1599
38 2350
52 1127
117 1171
88 1364
71 1628
151 1641
100 2976
132 1709
38 500
26 1093
17 915
174 2356
77 439
21 1712
146 2441
175 894
176 2118
188 2350
15 2563
146 1173
156 296
1 1091
19 983
110 1634
78 1917
25 2309
71 860
47 260
92 2206
111 88
99 2070
135 1277
190 2735
80 1399
152 838
162 604
5 1310
7 347
53 1693
121 2259
127 1853
12 2403
191 2834
166 883
188 2148
51 389
39 508
194 692
63 2677
183 1188
21 354
148 1895
197 2007
178 2793
63 408
161 1747
172 2681
16 962
16 2736
177 1577
58 2563
117 2399
131 2063
22 2986
101 2564
115 2169
39 2206
9 1525
157 1145
64 2093
159 136
102 2529
192 2304
25 18
105 1069
90 2889
185 2604
147 989
15 2355
167 650
192 102
40 920
167 1124
16 2525
19 1791
178 1035
51 2839
103 2745
75 1658
86 958
165 2655
116 1651
30 1083
180 1090
9 569
179 2173
151 1284
57 448
53 2078
25 394
102 435
71 2319
61 1292
115 2177
163 1253
25 2437
5 1964
36 2525
100 1417
179 2315
88 1200
185 2851
45 1295
72 1364
97 331
34 1943
132 1540
97 101
2 1078
24 2877
48 1405
105 2612
173 1102
77 1985
8 2783
55 756
14 1830
113 1433
98 982
140 277
69 403
51 2708
70 335
103 2657
189 1348
82 2761
177 1653
27 948
172 1394
40 1113
36 2014
150 1920
35 1527
186 2489
83 562
32 578
197 2668
36 2429
81 802
23 814
157 1837
124 1251
75 1704
20 1364
54 63
33 1901
166 1666
84 2700
108 367
3 695
27 2392
76 251
62 2950
53 166
51 352
85 2816
123 515
155 870
169 1252
18 2421
20 2032
25 2521
97 1959
45 2456
93 1879
53 36
19 582
38 790
86 1476
181 214
104 2286
18 2151
3 2609
125 72
4 108
78 2524
93 1916
85 2974
68 1562
162 862
178 467
173 2506
41 151
134 719
26 1120
147 263
174 2242
8 1696
13 535
199 442
6 776
199 2251
53 2285
181 47
198 291
200 607
96 1361
52 2969
99 2742
176 2280
80 2196
162 1649
52 2017
94 434
86 391
40 1943
102 724
91 1710
52 1821
24 185
163 1432
5 24
105 2453
104 54
133 866
120 2877
98 2423
152 806
76 529
32 2979
28 1037
20 1731
13 523
96 525
176 193
199 2616
45 977
64 1399
26 1628
70 534
150 2284
138 2649
51 2906
24 2074
43 2537
77 1593
26 2570
126 175
121 863
180 2573
19 2339
17 1666
45 1744
84 2031
69 2992
162 30
177 1351
112 871
25 421
165 469
13 974
105 1304
96 2685
168 571
16 1656
139 2325
130 703
141 1242
118 151
10 1681
30 1563
186 473
168 2508
131 2630
176 2113
190 1192
77 2628
148 1792
66 264
125 849
129 2380
55 2
114 288
126 2406
71 2448
140 560
174 993
53 784
106 1652
17 2294
127 2801
165 776
60 968
195 850
84 123
131 1570
52 923
194 2307
106 2963
194 480
123 2007
6 2887
199 2616
26 2231
163 2000
68 2626
135 2691
146 676
101 2945
125 873
161 2303
59 2214
79 1328
165 1489
54 1831
112 846
117 272
41 1267
3 1230
128 2348
136 1453
186 702
31 266
172 1385
5 34
74 2783
156 1362
76 601
80 1408
82 2643
72 1867
183 1213
126 1484
186 2268
150 2681
2 316
41 1829
62 875
66 2343
84 1823
22 1807
40 640
113 1336
6 736
33 2218
152 1391
38 1371
172 2392
179 2565
35 2813
119 502
171 863
150 403
59 28
136 1864
143 2149
162 904
162 2215
67 2055
22 1828
16 2214
154 2224
81 1751
137 1978
93 2336
193 196
66 1243
143 2158
162 701
100 2417
2 2263
95 877
185 2851
111 2246
7 274
125 1212
86 961
178 1666
44 1619
128 573
27 746
122 2491
24 16
198 935
29 2086
1 1366
33 1653
199 363
78 1991
73 1809
148 1862
102 1684
173 1145
85 2214
163 2926
35 2854
43 1581
151 2583
6 1536
68 1302
109 2308
189 2030
30 1264
22 879
32 2121
95 1241
34 2114
72 796
104 140
4 454
161 1954
