10000 200
194 2886
166 3617
158 2891
179 2715
189 1667
152 1752
197 1307
127 69
45 712
105 77
102 2554
158 2693
123 3468
131 199
3 3073
177 1771
52 4886
48 293
142 3095
186 2440
200 74
135 1236
151 4554
68 1561
54 1819
100 219
84 4639
27 2827
76 259
101 4379
183 3316
21 188
186 2953
57 3049
71 2172
70 2918
2 131
62 1725
151 411
86 2195
151 610
95 3198
194 492
100 1014
99 64
74 4852
125 108
47 2921
23 2407
144 46
101 1582
26 41
14 3810
25 3546
170 73
192 4814
13 173
174 4154
67 3268
196 1795
167 877
190 1777
171 1373
112 4285
81 4270
6 2484
194 1309
30 1127
146 725
125 1886
82 3036
52 188
2 3972
108 2238
188 307
37 2275
96 4216
167 2906
157 2603
70 63
10 2052
114 1607
8 70
3 422
198 4390
181 1642
113 4224
46 3537
66 11
195 1268
192 1401
46 108
43 4755
99 491
24 1989
164 1992
89 3954
25 3679
119 1721
136 4352
97 3231
12 1899
193 2552
26 525
49 3912
87 1619
166 402
168 437
47 2747
93 3158
74 1700
98 3261
13 1672
56 3650
148 3610
148 1867
83 3241
186 866
146 1101
123 32
74 3706
9 975
10 3113
32 2742
118 2328
159 1643
102 1941
187 1292
58 1606
52 769
187 4381
11 4085
68 838
48 2631
8 482
123 36
164 2512
26 2333
46 3834
114 3640
125 4982
187 4686
17 1456
131 4654
147 1288
104 2959
130 1428
103 907
160 108
189 2219
193 59
140 1998
196 4755
52 4268
196 1820
179 4545
135 218
170 1447
116 2655
33 2409
144 2440
127 4835
115 479
77 3862
200 1543
1 552
172 91
142 3206
148 761
155 1415
143 615
24 4181
45 2354
21 862
74 2736
34 4478
181 3310
119 4025
31 2373
98 3934
169 2191
30 3770
66 4199
183 4660
35 756
116 4918
166 4584
82 3073
125 4919
186 3481
12 1096
50 3337
75 3611
165 3983
20 2345
2 4186
124 1995
197 3098
7 4148
67 765
132 823
98 3242
98 4169
194 3019
129 359
4 647
39 1223
84 4675
71 533
122 807
101 2796
127 4540
141 628
52 3979
159 4546
143 1799
172 788
66 2811
130 253
98 4635
53 493
132 3268
112 1013
134 4996
31 2048
66 4514
121 1150
10 1236
168 1485
89 427
140 3713
43 4640
113 467
120 2496
185 1345
12 3727
30 1879
168 2163
89 1698
78 3131
159 572
54 1100
77 1887
3 2371
184 4461
70 4126
137 238
162 1858
70 4548
30 2491
36 583
168 3714
4 4377
80 240
58 1814
52 1529
157 3363
128 4974
194 910
4 3342
168 3810
61 2418
102 4279
167 4587
69 3942
189 1840
49 4195
197 662
23 4778
87 1154
45 4008
101 2943
109 1370
27 1059
29 4420
68 1387
20 4550
191 4236
132 4104
19 3226
152 963
191 4522
179 4506
49 1528
136 3025
179 2472
157 4901
114 3451
44 3357
76 656
132 2567
112 3877
101 2877
127 1423
48 2109
144 2039
117 874
23 1105
83 2955
188 4907
101 3529
200 3385
28 4846
176 3779
19 1524
19 4878
8 1609
13 1939
163 2087
28 2224
150 4584
64 2429
147 4642
155 3541
191 753
159 3575
102 4338
24 2863
170 4582
99 227
92 1676
133 3009
76 206
122 1983
98 4310
123 4919
101 3446
35 996
79 139
192 4155
22 1854
22 4742
158 2379
77 1677
159 1640
74 1223
13 2899
53 2538
36 568
29 1329
160 4125
182 4019
125 2228
1 4216
158 1292
159 4813
61 2475
165 2707
152 3161
17 1408
25 4805
162 762
38 1258
51 4331
48 1184
101 2511
168 4253
166 748
164 4108
184 1012
164 158
34 696
3 4825
187 3862
200 450
90 3235
127 1194
104 327
47 2784
71 4021
50 1998
158 2036
54 683
125 4566
93 2136
171 134
157 4046
10 1710
175 3665
99 2877
12 4936
73 2469
104 199
149 1004
76 1395
75 4576
143 1433
25 2243
98 4697
85 3939
43 1401
107 3604
76 686
57 17
177 1471
174 3242
39 4398
63 1101
33 556
92 1679
163 2315
46 2478
134 2140
35 3247
117 2321
108 2094
21 1986
20 2116
160 3458
114 3400
2 4452
65 362
62 1687
177 2866
138 1093
111 3827
39 2992
22 3061
4 4562
37 4376
178 1531
117 247
140 1741
193 1733
112 1994
74 1114
34 2810
152 797
9 4207
49 669
29 2714
95 4298
155 454
97 1671
197 4676
52 4959
88 2466
175 3459
104 2447
163 4002
96 965
100 785
199 3547
139 2329
194 179
175 4830
28 3759
80 2382
57 780
11 3409
168 3739
67 4336
119 4427
159 1234
27 4194
190 3591
64 3677
71 3040
100 398
200 2344
121 2100
75 4066
54 890
58 272
24 2810
127 1762
52 3036
173 4424
103 2598
20 521
101 959
100 3252
68 4837
184 2060
182 4389
92 4920
182 3268
81 2744
103 4766
125 4798
179 2255
163 4296
178 1057
49 2245
188 3400
62 245
200 3617
161 3627
95 4445
122 2615
166 1241
110 1082
54 2206
119 3137
137 3713
179 3853
67 1397
155 2856
192 4998
111 2355
38 1130
83 3371
155 2242
152 3807
112 95
80 4105
18 404
105 1424
183 4608
77 928
110 2589
103 3758
10 743
63 141
14 4257
177 830
114 1711
67 31
145 1883
94 4804
143 4512
109 731
132 4339
115 4667
14 4115
58 909
122 3940
107 782
175 3516
37 2602
43 1688
149 1378
84 4581
41 4050
95 1870
16 106
142 2311
96 3527
109 3146
73 4345
8 1874
69 2692
50 3477
153 3335
173 1244
198 2965
17 1609
147 4982
122 1679
92 388
93 2541
107 198
7 2658
153 262
150 3070
103 3675
56 226
71 2230
15 4315
123 1483
35 2265
93 1425
110 121
14 2527
194 2953
170 3546
83 703
109 414
110 796
58 4851
75 3563
37 3279
40 3917
31 534
56 1453
86 3005
47 515
128 4996
124 4415
109 1399
141 1439
176 4601
117 3114
15 1984
80 2657
48 510
88 397
59 4564
118 220
72 763
119 2472
175 4402
75 1747
65 1369
87 4834
12 4226
48 2204
179 2746
146 807
194 3928
29 1924
72 4717
91 126
38 2697
87 4192
142 2940
101 1705
172 510
104 2190
79 4468
179 4436
158 1506
2 676
111 508
93 3826
128 4095
127 580
67 2328
132 694
133 783
100 4216
143 487
114 321
74 1712
2 3514
126 194
137 1071
134 1841
97 2743
168 574
61 4478
61 797
37 1946
156 120
110 4402
53 4232
48 1734
86 1090
153 3861
87 2575
55 1932
158 3769
19 161
27 1143
31 250
160 1281
192 1800
68 2127
197 3920
132 4869
123 1284
192 149
92 4415
91 1310
187 1650
163 4050
119 1379
24 4806
156 560
111 4088
107 2673
34 4549
35 4999
188 309
177 2226
66 4530
37 4838
120 2720
122 2129
103 4086
180 4579
160 320
92 4261
189 2791
87 2781
199 280
178 3731
95 3716
151 697
62 3409
141 3220
175 1408
1 3203
192 2112
95 4881
177 1668
75 1065
15 4157
178 1673
67 1372
157 753
46 2897
103 246
87 4623
56 1044
40 2404
162 412
191 3901
42 3532
13 1781
192 3009
133 1939
135 2609
115 1494
56 38
177 4208
93 4979
163 1721
4 2595
143 1931
88 4506
93 2860
64 621
95 4885
26 4746
26 4901
107 2597
17 1912
192 1683
193 4868
86 2203
177 826
194 3038
76 2275
114 1024
82 3162
17 1886
42 3229
173 1483
25 1180
61 1304
31 4361
185 3080
7 569
22 2013
74 3555
67 4913
179 1722
110 4179
51 4847
184 2038
33 1103
123 2441
81 802
31 1752
102 3521
114 1616
95 1075
178 4523
13 262
36 2159
115 1290
143 4914
158 804
46 2463
73 4831
68 3463
88 1981
158 767
167 2092
94 1507
64 3809
196 1491
112 2931
184 955
186 995
40 990
13 2796
159 2604
60 2141
55 1771
180 4869
189 4802
73 4239
102 2370
159 3688
29 2420
77 4085
10 2375
175 1968
18 4338
179 3922
162 3871
196 4672
86 2384
129 3665
107 458
160 984
83 2757
129 3846
194 4471
161 243
30 1164
32 1692
112 676
165 4093
75 755
169 4882
130 4045
114 3013
8 297
82 4409
183 431
18 1135
28 800
17 589
162 2401
181 4588
36 44
79 2348
192 1081
74 4748
170 3937
78 4284
14 2873
193 1062
64 2767
198 3650
103 1796
174 1301
43 4935
9 3352
95 4859
109 2772
113 447
103 2675
104 894
129 2048
55 1497
145 3900
1 4124
29 2852
105 2002
22 3188
156 4227
19 3266
108 4533
65 4336
139 1293
185 879
80 2125
13 315
199 23
38 246
146 3062
143 2917
147 4647
79 3015
185 1067
19 3786
1 763
139 1823
45 3812
98 2449
67 560
54 2622
115 1988
151 4138
34 2170
148 512
186 623
50 743
193 4201
121 2896
176 2395
132 4762
43 3423
98 1503
12 1566
162 3572
94 4978
81 1607
14 4680
151 3528
176 4516
24 1258
186 816
41 3139
75 3400
35 3754
24 4724
94 2234
194 316
154 1165
122 4070
66 725
40 3024
41 277
78 1468
118 4609
129 3052
97 1456
4 4920
25 435
23 2314
171 858
61 1142
91 556
146 1848
32 4553
159 2065
66 1032
181 3827
13 2549
27 6
60 2976
136 3066
131 3002
194 3503
64 4841
17 381
198 3
147 2181
30 2442
136 4629
76 3159
27 1239
151 4872
139 31
118 4035
131 2443
69 194
158 1604
185 3941
107 2858
131 4046
161 4245
29 1222
56 2308
26 1712
179 3241
119 224
114 2869
168 4656
67 1516
200 3007
63 2337
187 4415
107 4937
174 406
83 2570
45 994
5 4380
133 3835
116 4048
178 3870
95 771
190 4722
142 4979
92 3050
118 1944
97 3784
150 2928
48 1569
152 235
171 2214
128 594
59 2559
16 4180
79 2915
172 1501
26 3954
12 241
39 628
133 4317
141 3992
18 59
145 4341
39 1887
11 4050
155 3998
76 874
31 2766
160 141
192 4478
17 1845
184 2690
45 392
119 3969
5 1311
93 3907
133 1800
8 3869
13 1337
47 4673
108 1552
154 2185
200 265
53 1684
3 684
156 1798
105 4125
75 4756
26 1053
108 3615
19 3121
32 3421
122 2135
119 1256
176 3352
191 1910
149 1196
66 4852
182 1770
13 4290
162 2153
136 4175
147 559
100 3490
127 334
63 252
182 3665
55 4793
76 4144
128 4964
73 4397
154 1429
176 2039
101 644
58 3301
89 21
145 2010
57 2796
33 311
63 4322
127 3841
192 1345
47 4552
64 4371
90 2807
192 4648
145 1803
102 1063
25 4829
198 2537
90 4089
65 2178
70 2691
46 3956
168 1385
127 2217
65 1019
139 1571
136 3338
31 4348
126 1473
52 1482
129 3174
131 2159
141 2816
15 589
176 4956
84 2086
114 3393
142 1300
28 1928
82 2674
154 2013
58 126
29 4525
101 2213
99 2659
12 4973
72 1339
173 927
2 4996
150 2525
86 2350
145 1155
20 3093
13 4193
158 133
1 3702
12 4240
104 1259
30 1364
83 197
106 1457
108 1113
66 1533
155 3510
142 198
178 19
177 4613
7 3194
16 1347
179 933
82 4772
85 2553
18 2840
10 798
32 1526
141 4130
117 4135
185 973
187 1013
147 220
115 3850
136 1401
141 1738
84 4134
130 4909
130 1375
72 1410
190 4229
191 4451
156 3570
175 1570
75 1705
173 217
51 4106
138 733
16 1868
181 1493
124 2679
153 1603
185 4628
156 3142
21 3335
33 4155
30 1593
62 4314
104 1224
123 1090
151 3031
152 4358
119 4367
127 2219
185 173
26 4468
147 398
138 720
44 3461
30 1582
133 4269
157 1502
52 4746
52 3681
145 813
94 667
79 2783
6 2830
48 320
120 2774
128 100
194 1846
9 1616
133 4271
74 3855
148 641
121 4438
25 4910
151 614
72 1735
89 2198
48 1805
34 4303
156 2037
27 801
72 1911
94 1212
48 2881
43 3130
25 2407
141 3088
174 581
137 443
13 2170
176 1199
75 4901
16 1237
30 880
52 2500
120 4242
196 2734
73 4049
165 2486
12 4155
7 1689
16 4578
25 3384
181 275
123 72
62 2405
10 2258
98 866
157 2661
85 3257
11 3123
150 2042
42 1496
195 3273
99 47
48 1937
73 262
176 3746
2 3749
149 2307
136 1173
60 3818
45 2145
120 4041
50 1199
86 1331
16 44
173 2116
17 2667
77 771
107 987
167 4820
84 3422
184 2680
144 248
123 3980
71 130
91 2541
95 3158
199 4424
155 876
4 2920
143 3514
45 2510
24 447
146 3592
94 1944
62 2635
198 2569
25 4930
194 832
197 1038
18 940
94 3346
54 289
28 4785
9 3408
11 256
126 4206
153 291
169 1620
130 4853
89 1525
66 2610
164 1832
184 2942
13 492
168 2759
107 361
155 4869
143 1249
59 2107
152 752
100 3254
65 65
63 1764
144 4324
120 2599
93 2431
101 4914
151 2495
141 2372
144 1358
190 2162
53 3994
135 4334
66 1729
23 3569
169 4768
47 2795
74 4152
109 2251
123 1237
108 4222
163 2638
94 2848
93 4758
96 970
124 1844
190 3653
130 1120
196 1200
176 2741
103 1951
30 2902
156 1145
167 4966
178 3537
64 4822
95 1305
81 1244
164 524
167 3332
136 25
171 3976
106 3148
82 1783
12 903
124 3296
101 4423
100 3308
164 1861
9 3186
88 401
18 2286
22 2310
110 4430
120 3912
29 2784
29 3902
190 2990
163 4977
25 4125
16 3099
13 4410
50 4061
4 1877
81 3638
167 1039
125 4827
40 811
43 2915
143 1973
44 1699
46 3268
46 2540
186 750
99 4800
31 4740
151 1873
189 4635
123 713
56 4858
184 1098
137 1254
181 1795
11 2061
13 408
143 4202
72 3258
101 2291
91 8
6 4168
169 4037
37 3559
107 752
12 2567
153 1046
48 2822
141 4506
28 4525
183 3992
133 4502
161 2791
84 1999
127 3390
81 4005
101 4639
43 401
104 806
193 3210
131 4875
179 4270
155 4107
21 3404
55 3807
49 4301
108 1887
94 52
197 2486
72 3814
62 3678
190 3039
85 2428
17 391
146 4796
200 3152
179 3589
32 517
122 3161
90 1015
127 3101
171 4390
122 4928
127 480
16 1260
9 1228
177 2705
65 4788
154 2749
16 717
140 4310
128 1146
107 2315
103 1805
163 1345
97 4277
54 3641
139 3268
149 1342
122 196
74 64
2 4667
198 4323
145 3295
49 3631
8 4221
154 4484
136 2534
89 2093
186 671
81 1241
185 917
107 2892
11 2486
102 2439
78 3175
170 2753
176 3958
196 308
81 4041
122 2491
44 3116
138 512
17 1533
4 3484
140 3036
5 3464
12 2668
52 1042
45 270
7 2954
145 1389
126 658
169 3267
61 1642
147 4668
148 3785
69 3390
161 421
177 1236
97 2088
41 1810
163 1482
26 4885
104 15
167 1570
71 2812
134 1368
149 1056
106 4480
140 2503
68 4229
190 2128
161 238
199 1535
65 4360
58 914
42 3684
173 3556
164 3153
47 3819
142 1523
68 1152
70 670
42 1972
157 1476
106 3194
31 3051
199 1651
8 3887
59 4149
90 1014
169 1452
56 1432
139 929
49 1841
172 401
175 3698
147 1744
123 4764
2 1234
101 2582
100 3099
13 367
35 4606
77 4866
6 1660
157 3933
107 1051
148 4690
49 1284
18 3938
171 1297
63 2881
103 1720
165 4729
128 4706
154 3263
60 4985
191 260
166 626
107 1882
45 4887
61 3878
86 945
81 2328
155 4155
153 1324
145 545
193 504
154 3869
187 3639
60 1367
31 1185
145 1258
191 1577
91 4226
86 3066
112 4286
192 4731
179 889
167 2493
6 445
57 3556
119 3645
179 2573
189 4608
2 3364
23 4161
158 1675
5 4534
167 311
73 476
15 4426
43 504
149 18
35 423
121 1322
38 2260
23 4039
69 3217
195 1067
67 1110
33 2969
117 2598
66 2239
179 2329
105 865
91 2047
41 235
113 2736
71 1972
50 3247
57 227
49 3710
108 2267
60 2415
165 3061
74 926
185 3586
106 1060
171 358
51 4729
87 2935
6 2812
107 3795
10 4673
190 4591
187 1989
16 618
176 1075
184 1981
193 4664
42 1828
81 103
136 1755
59 735
163 4729
71 4061
72 3345
74 3593
139 579
35 1916
130 2602
7 2182
167 1561
64 2006
151 4807
8 3022
122 903
64 699
87 4772
53 4794
121 4701
105 4309
138 1013
188 3927
153 2894
157 2155
139 3604
39 4919
62 4530
123 3976
189 134
126 983
116 2212
16 1250
198 4550
121 65
173 1196
158 1137
84 844
74 806
27 4762
38 4251
162 361
184 3712
55 2445
45 3379
54 4724
155 526
39 4278
187 1375
6 4597
159 3037
129 591
68 3493
86 1292
65 1525
191 4648
170 1221
38 2527
167 1507
167 4741
117 3246
49 2077
63 3965
194 197
17 4250
53 3854
64 1973
160 1624
58 117
77 702
14 1615
122 2680
173 2623
164 181
160 4882
160 1749
75 1500
39 3615
121 1975
195 4646
38 4622
154 367
11 131
28 2313
62 800
92 3021
167 638
192 2405
49 905
200 3494
90 4203
72 617
122 3510
10 2934
123 711
85 4417
170 1687
140 3718
180 639
134 285
60 422
82 2130
126 1443
61 3635
86 2804
21 4743
149 4002
156 1781
81 3534
133 1034
125 3920
190 1880
96 353
147 443
165 97
135 2912
61 2632
133 2964
42 402
38 2340
99 3035
186 1886
140 1030
7 3222
172 4311
111 4400
93 2563
109 4381
21 4817
171 4547
73 1431
96 376
90 3463
147 2522
41 4827
172 645
116 2414
155 1613
181 4095
128 1892
177 865
151 3566
133 4037
189 3212
183 4409
90 1113
33 2582
98 2394
151 4887
148 2908
179 194
99 3654
73 43
152 4355
73 3260
163 367
44 3607
102 4382
97 2076
41 1752
17 1174
11 596
99 3996
64 500
181 26
26 2621
2 4458
46 278
128 1062
188 4209
10 637
89 3151
84 666
156 233
127 1788
61 137
99 4825
193 1100
27 1420
14 1964
128 2031
161 2289
71 2068
134 2774
148 3231
16 3574
164 1941
18 4721
134 4125
50 2976
97 1498
14 3227
66 3585
176 3319
150 270
126 4020
55 3940
136 157
148 1827
147 1456
7 1889
165 2702
183 1879
98 621
82 1178
109 3108
192 1568
155 952
126 2050
97 480
52 2686
31 305
110 3821
92 3071
70 2760
179 3700
176 3426
164 3135
86 2366
182 4775
34 224
140 2144
176 2649
86 3631
173 1946
136 4044
105 2835
104 4928
70 973
116 300
137 1935
121 4212
110 830
37 770
137 2050
6 3690
191 4905
58 3185
138 1446
90 3214
135 1255
30 1257
79 3485
197 1560
22 3012
96 1686
198 2468
20 3553
99 1725
115 2790
31 1742
34 2800
110 3807
82 2835
73 3832
111 671
14 4869
97 3830
72 3361
2 3001
153 747
96 3090
121 4738
83 3222
137 1892
99 2107
64 3333
53 345
80 2250
16 396
49 935
167 2530
98 4377
178 2759
66 1698
50 636
169 2285
127 1514
18 4038
193 824
73 3260
193 2323
35 4406
200 4523
96 2328
125 4452
29 4398
11 2753
92 4353
36 4969
52 1890
174 1238
156 4017
166 3448
141 2739
22 684
25 2985
5 2294
49 4859
169 4003
62 2620
86 1820
33 1910
162 2665
185 2796
161 2661
113 4306
87 1229
5 3571
200 2118
98 597
118 3623
40 250
173 3729
109 2631
130 3622
181 4981
183 1726
80 4269
105 2519
5 1889
7 1245
16 2898
5 2618
157 4692
185 3003
10 4138
147 2460
55 2885
164 132
186 4894
151 910
183 4368
131 1823
139 3700
12 3299
74 2304
90 3997
112 4754
115 2011
174 3368
89 2231
52 1342
8 549
141 523
24 2318
188 2820
78 1283
25 4909
126 1588
18 2949
5 3966
87 2026
129 4572
4 4435
174 2532
199 207
30 1657
72 880
24 1382
7 2564
188 146
78 1858
165 1746
181 4241
196 3493
117 1062
26 2356
177 1289
88 3958
176 4755
166 4916
30 3295
15 2614
72 3565
100 3373
87 1611
22 642
78 2656
108 2355
197 2338
59 200
135 1162
11 1109
85 2446
135 3765
19 3537
76 3241
75 1822
9 4497
183 1662
200 3858
104 3361
42 3314
192 3487
78 4187
63 109
134 3368
127 2339
171 1630
116 3261
122 348
93 2464
198 2483
50 4466
41 933
114 1390
113 3474
8 4622
183 3177
57 4212
106 1131
109 127
147 1587
96 1910
56 4737
52 2134
28 219
120 3264
99 1687
173 4650
15 4512
12 867
83 3115
121 4472
142 3966
48 3171
127 3963
149 130
51 4822
162 16
12 4700
53 4609
166 3464
132 1504
173 437
61 1409
92 1879
200 2868
146 4253
121 4317
131 3999
97 2419
188 1706
21 4004
154 1204
162 1696
160 4366
76 598
91 2052
62 1652
68 3529
12 115
54 541
187 905
35 227
187 3823
38 1085
49 1570
181 2344
166 1733
128 3956
97 4691
106 1658
119 1243
19 408
125 4049
193 2060
196 4142
142 2650
139 4951
31 3801
171 1611
11 2568
143 4022
178 107
186 1127
125 2981
138 4184
194 669
76 4763
105 296
101 2079
22 1792
75 246
134 3966
151 2765
94 2282
161 2195
161 1022
186 3391
176 3193
149 4335
107 2472
141 1881
98 346
20 3899
112 3050
79 989
123 3137
65 1401
3 1480
34 1945
177 894
73 405
161 4722
137 62
194 22
41 2105
154 697
28 2342
10 4272
52 3019
30 3996
98 1813
137 4530
135 1287
90 2896
167 4666
104 3445
181 10
12 325
38 540
180 1762
6 2840
13 2553
95 4222
103 1171
109 4101
163 2212
61 2552
7 1629
26 3794
77 2628
162 222
53 1324
175 4109
2 4613
181 1523
82 1057
36 3841
108 4234
1 1072
183 4346
163 67
191 1848
167 3185
115 2937
29 4707
176 2379
69 1717
88 1424
58 4683
152 4975
132 3370
32 3064
87 1107
162 1850
195 4351
111 4137
108 2902
154 1673
16 2358
4 1437
111 1522
117 2086
50 4240
13 3517
121 3822
194 3028
85 4539
124 3959
48 949
34 1533
95 581
32 796
198 3668
101 4841
112 1437
63 3729
196 2477
186 1393
128 1278
77 601
183 4287
61 710
21 2456
23 1394
128 4339
90 662
16 3396
48 189
36 11
75 1923
124 2139
13 3373
146 2095
28 2593
60 564
55 3656
165 948
103 533
146 2947
23 2073
109 1369
156 562
195 1759
22 2697
188 4254
21 1390
79 1158
153 2875
55 3775
113 4248
64 594
78 3732
64 1856
12 1418
61 4527
105 462
49 4326
158 2140
131 4132
74 4967
156 3033
97 4102
76 137
199 3804
193 819
142 4448
17 118
135 2991
128 2326
52 903
176 2831
113 1966
11 2953
22 3722
184 3792
79 2700
24 4002
179 1717
183 1928
183 4297
131 4055
164 1442
176 2108
79 3332
93 246
69 1879
98 2604
100 898
74 2961
32 4883
122 1791
139 787
66 4266
21 279
152 2764
193 935
141 950
41 3045
140 2472
112 1015
120 1520
112 2062
96 3455
167 335
194 3684
84 3266
44 3097
181 983
95 1121
103 1031
172 3203
162 4365
52 4132
176 4703
41 1290
144 1280
133 2420
161 3716
153 1623
41 3705
43 1058
16 1718
18 1085
46 2274
12 1537
69 4185
191 228
133 4190
51 1041
165 4943
146 4893
157 4087
31 4267
40 3813
118 4583
144 995
158 3159
9 4201
8 198
160 987
158 3020
127 2259
190 2859
25 1820
177 3634
120 1732
101 3403
11 759
181 2960
159 2292
44 1685
126 2081
139 954
189 1561
186 2707
193 2271
134 323
183 3392
196 2757
31 1624
121 1435
51 4233
159 681
161 1826
98 484
49 2367
117 2218
138 2992
165 2548
32 452
128 4856
183 3691
110 1332
98 3476
169 4573
18 1097
24 4303
24 524
134 2427
82 4793
116 3854
70 4975
11 122
68 2671
139 632
82 1504
85 2108
30 1110
9 1425
181 3492
64 2652
52 3854
167 2810
162 1430
164 1983
10 1360
112 439
134 824
72 485
41 3763
14 4908
187 171
105 1085
117 4803
139 1055
5 200
192 1283
195 787
182 4154
193 644
160 1350
124 4478
195 2226
50 998
163 1648
29 3678
85 1964
47 2339
45 4660
190 4209
89 1800
92 2299
19 182
43 3163
196 863
20 434
94 4318
34 3432
178 3284
146 2458
64 1440
45 528
135 1610
198 2633
91 3890
168 1153
71 3195
36 2431
56 2286
104 2701
103 4020
147 1310
109 3582
82 2917
71 2621
16 262
174 3849
12 2242
78 4353
46 4599
198 3838
40 2156
156 3288
103 2691
16 1369
124 3722
64 4890
7 3289
56 2644
171 2244
6 1973
80 894
178 4396
77 3973
129 676
32 747
9 2641
175 126
193 4504
144 2831
74 1051
170 2023
8 2967
3 1219
152 3961
147 592
30 1687
95 993
34 1860
187 1261
140 3066
21 3293
165 3698
122 3145
115 4670
53 2674
168 1389
187 4295
135 2110
40 641
159 1544
5 962
42 1356
90 1303
183 4947
91 3466
30 4367
119 2426
134 1528
126 1903
170 3801
7 837
142 940
38 2868
12 1651
198 2183
93 1947
26 4856
103 1340
139 2898
153 1975
73 3727
87 102
178 1703
39 2120
46 1135
14 344
63 2978
89 751
12 1954
40 1185
95 2064
177 348
133 95
60 4142
116 3382
73 156
37 3408
169 1569
93 3312
3 1574
119 2777
182 909
198 412
59 4764
23 469
162 4596
78 2789
94 4739
29 3511
61 3397
92 4044
119 407
126 3497
110 4971
135 1557
116 2613
123 2570
181 992
18 2179
49 1681
2 2912
106 4430
133 1143
114 2313
188 467
105 553
146 1503
161 2962
169 2943
163 4681
83 2760
80 1928
8 4974
20 4288
2 403
73 1100
17 3894
1 387
53 4650
123 142
85 475
199 396
86 185
159 1999
16 2859
124 181
83 1534
89 2430
6 5000
11 2450
63 4194
19 3226
76 17
9 401
94 3436
24 62
116 2427
153 1642
96 3105
83 3794
112 3423
186 3661
85 350
44 2877
86 4165
112 330
95 1417
184 2654
75 3222
37 1286
36 1019
23 1281
51 3803
52 2560
54 1532
163 1803
136 4871
100 294
35 2928
53 3690
11 1818
129 2493
128 2130
181 2366
156 4073
132 1006
158 616
181 2835
139 4021
198 1457
183 4136
54 1758
16 389
85 1570
97 4657
6 695
73 1040
31 3036
95 4330
187 4
190 3803
92 2591
89 2095
50 3054
101 4507
91 2369
45 3356
149 1241
11 1745
147 398
31 1898
9 2283
137 4176
33 4052
65 2754
126 2215
72 2910
77 4268
99 2127
150 2064
23 2086
114 2719
61 3246
80 1894
9 827
195 3444
139 4184
158 1150
71 778
28 2879
140 1056
123 3102
5 3756
189 436
159 1656
57 2868
10 4518
35 2138
182 4264
84 4880
44 1473
33 2179
46 2850
134 4921
112 181
193 3986
200 4112
136 1785
145 1973
18 4704
177 3515
173 2591
93 1174
180 1030
146 3803
107 3537
120 395
174 1944
49 189
142 609
108 2652
106 3883
32 3057
162 2306
129 2900
88 4426
133 1657
167 258
109 3601
87 1164
147 3874
193 2703
1 4358
145 365
161 4235
37 3588
93 3911
61 1866
129 3103
195 54
170 2264
195 4318
200 1377
53 913
182 3400
171 1152
149 4596
47 4860
142 1012
13 1249
60 1817
13 2356
35 2666
60 4707
95 2675
5 2909
108 3633
137 2110
78 2407
179 4155
129 4455
108 2841
191 2442
155 2524
56 4148
26 2884
147 3049
112 3983
151 962
175 4214
184 1595
90 1127
196 2569
155 1343
189 635
141 252
111 1736
9 2360
54 533
10 2056
168 882
75 3420
117 22
101 4583
69 120
155 4296
128 3388
147 1249
17 1126
59 2339
17 475
23 1453
117 3047
158 1079
134 2086
111 1129
195 2907
72 3602
85 3538
189 72
116 4773
140 2661
28 4694
118 3474
137 704
38 1376
64 3714
143 3563
79 853
152 2154
153 21
156 619
150 799
83 4477
147 761
5 4046
19 941
165 1044
107 4296
189 1015
107 4832
196 2344
11 3888
143 1313
4 3925
71 4454
57 2844
63 737
118 4662
130 2775
163 3184
85 2001
123 669
159 2980
104 430
155 1659
150 1219
56 2331
50 215
104 131
134 3613
120 1000
46 4710
30 3069
184 3573
32 4939
44 3690
165 2482
82 4969
103 174
98 2964
119 194
84 1100
135 4245
131 3101
28 780
102 4855
198 4628
34 474
180 1532
110 643
162 4633
108 4944
17 2348
189 1907
11 3002
191 1592
142 3884
33 2044
23 3765
111 4477
106 766
6 128
121 3160
198 1569
188 2648
181 3551
200 1656
161 3388
194 4486
150 720
159 1530
1 3010
25 2615
33 3802
167 2852
152 2216
146 4622
76 135
35 4192
4 3304
183 3668
114 2413
191 586
18 1136
34 4808
34 3837
121 1794
173 2402
67 3662
77 1958
89 1337
14 330
110 2972
187 2030
199 512
31 2033
56 3045
43 65
86 3277
90 2060
57 11
178 2420
10 4835
44 2998
98 4800
52 4354
123 176
20 1758
18 1326
174 3467
163 543
139 1409
118 1770
2 3129
83 4219
148 703
121 3873
178 1610
180 2145
59 65
67 4652
150 4856
152 4814
49 3334
141 676
117 4785
154 1406
144 4032
112 4771
58 1383
131 1079
89 3855
7 2117
109 1839
149 4671
35 3027
52 4500
39 2122
148 1924
182 2839
152 476
49 3252
41 2042
110 3444
192 467
162 1007
2 4334
82 1493
169 331
25 4925
63 2311
35 4385
61 1881
179 1635
124 2879
95 4242
38 454
30 1733
199 4331
64 3241
160 3484
74 1163
75 1371
160 2915
11 879
11 3799
134 2389
170 874
7 4465
62 4722
194 711
14 414
148 4749
66 3342
128 1618
10 2654
158 3197
107 1265
7 499
134 4265
153 4355
61 132
48 3576
4 1629
131 1218
124 3410
110 4542
54 2738
71 4941
149 4609
187 3162
120 1715
154 391
79 4815
166 3875
137 2976
127 2506
82 1965
26 3651
125 3810
155 4807
37 4440
33 2916
89 675
92 216
148 65
98 1499
86 350
94 4752
88 3614
3 1523
182 1337
81 4075
74 1574
58 4096
125 432
174 2224
66 4589
163 2111
196 536
66 1084
106 3714
62 4053
117 4908
186 4961
13 1575
171 1680
7 1049
86 103
91 1467
174 2973
129 2164
121 826
52 2725
61 390
131 3009
20 3760
146 3434
5 231
161 3074
22 4917
82 4396
181 3461
109 1270
145 3148
116 3245
4 23
99 895
54 786
134 27
84 2322
116 2306
159 695
19 2966
50 744
4 2269
97 177
124 3925
188 3837
42 3468
122 387
180 2578
62 1936
87 4685
145 3470
148 352
163 3071
60 913
91 156
55 4669
85 2966
119 1213
193 4711
49 62
74 1958
23 2575
199 4492
42 680
77 524
151 3827
7 1582
35 3984
118 3736
173 4731
56 291
18 753
111 2067
57 1587
68 1590
83 1283
200 2807
106 2538
41 554
51 1338
132 419
146 2758
101 849
133 876
125 4085
54 987
98 2180
168 932
164 2386
26 4703
81 1157
96 1587
14 3477
97 1097
85 4165
189 3772
17 648
29 4848
172 579
196 4859
24 2940
174 3085
109 4152
31 4794
64 856
2 2457
176 72
136 4396
6 1087
1 2321
83 1670
36 4316
65 3391
39 4590
138 4902
76 2448
149 3224
33 4377
143 3877
29 1589
38 3277
195 3720
32 1281
56 1397
32 3619
199 1354
153 1000
47 2906
130 1872
56 3343
27 2411
188 2498
131 801
104 200
109 2951
128 937
156 2789
86 3747
102 2046
157 4261
105 798
177 3033
75 1173
137 4305
4 3957
5 1979
146 2263
141 3548
126 3961
38 1645
86 4717
31 2736
163 1270
162 1450
72 657
185 2302
164 2751
71 1008
88 1944
37 1543
93 338
9 980
65 662
182 4250
103 3506
138 4294
105 4644
37 775
193 787
59 1879
75 4632
111 1946
59 235
53 2940
34 3042
60 505
11 684
77 2722
90 4196
134 3458
26 70
22 4956
103 2942
161 1990
155 4000
148 1449
156 2124
72 1481
55 1535
147 1301
154 771
93 2828
20 1294
74 2764
154 183
52 1696
127 4596
154 2753
185 346
131 1034
1 3126
42 3634
148 810
35 1308
98 4719
137 4597
84 891
130 950
151 1575
51 1510
177 3112
153 717
62 4500
116 538
92 4047
185 4888
18 1271
46 421
163 1822
97 4740
135 1543
112 3809
62 784
120 311
136 1794
140 3961
116 784
93 3750
38 4163
122 4790
73 1223
182 4993
105 3073
154 433
152 3734
52 649
113 553
176 2583
40 3408
81 2573
53 1155
100 3081
156 2659
41 4929
83 1420
54 3078
146 4191
130 929
83 52
82 1870
139 1657
33 3275
67 388
59 4337
90 3350
143 1475
26 3930
122 1227
38 3949
198 2960
114 604
187 196
133 3696
38 4525
40 4496
129 4954
28 3023
90 1355
38 4668
78 923
60 4194
109 595
113 4806
107 1808
15 4321
67 1239
63 4603
118 3065
50 3025
47 598
30 3862
168 127
35 487
159 4780
125 82
32 2364
131 1311
11 3855
157 2502
118 4519
104 3998
183 2398
192 1516
73 532
155 2091
117 3099
10 841
135 2488
154 3584
9 111
66 3143
65 1331
165 3326
154 959
83 2027
49 4291
163 3237
21 2005
184 2516
153 1232
177 4946
111 4620
71 3494
160 1823
25 1155
187 3374
4 4501
73 2433
79 3310
148 1448
111 2019
79 1229
107 3661
79 706
98 3949
27 3473
40 2257
156 4263
117 2135
14 3140
75 1581
116 4335
123 3749
130 4401
27 4763
5 4397
196 2584
54 1711
177 2570
32 1953
58 3339
20 3268
81 1582
136 2845
97 3492
48 1305
90 3963
121 2499
169 918
109 2862
181 2547
196 946
98 2233
143 4017
85 1782
76 1497
16 2101
87 4309
52 3239
139 3779
106 3963
152 1252
72 585
153 4828
169 1391
26 810
132 1935
107 2205
189 4252
25 508
102 2881
186 4017
107 3530
189 2931
145 3844
18 3645
177 2662
36 4496
95 1981
75 3871
99 386
111 1177
23 3922
149 2815
97 1255
192 3498
31 4648
73 4689
75 738
120 4385
183 4252
142 3880
62 3302
7 3432
191 3968
137 223
171 2282
58 4476
103 843
151 1879
170 850
48 1079
3 4854
50 644
27 4770
192 1831
97 3191
56 1074
146 2658
130 4823
138 1679
77 4303
76 4625
111 3653
56 4189
164 2121
36 404
107 2457
121 2400
40 2456
107 3151
166 2100
63 43
61 2048
80 3165
152 348
52 3877
91 3688
22 1425
73 1129
27 2982
106 2291
158 2209
168 279
130 4722
48 3736
119 502
102 4267
12 1903
186 2790
185 2140
134 1815
113 2764
143 4869
46 1158
47 2760
44 642
156 1729
113 1718
149 4361
35 1449
88 1292
115 4015
178 3571
152 1337
8 3165
121 2641
179 3681
91 4681
57 2903
154 1005
185 1064
146 4830
8 4600
173 4439
193 2432
50 327
30 3687
132 2905
26 2446
76 1263
139 2683
86 2453
11 3322
37 3612
190 4467
62 4185
36 2163
168 1326
6 1953
126 3922
93 941
104 3208
16 1065
186 3246
13 2039
51 868
111 2909
114 3926
178 3662
132 4388
145 9
166 2335
108 2109
155 685
106 1827
30 3808
196 2757
162 4777
165 805
10 1597
200 4720
37 2879
138 4652
82 217
181 2546
3 4847
196 3133
124 4331
52 3580
184 2711
9 2153
7 2058
34 1392
195 1734
135 1248
94 642
72 950
75 1455
145 4142
193 3497
3 4131
30 2282
40 2847
50 4793
30 1453
75 3806
176 671
181 1865
92 3126
69 1271
71 908
72 45
22 2774
6 3173
63 1107
51 2955
17 573
19 1388
68 975
4 545
85 2915
37 2132
86 3160
182 2961
178 3658
187 780
167 3261
184 2081
69 2928
194 3136
109 1952
8 1579
83 2123
134 760
160 3133
57 4917
26 4591
133 248
130 2674
60 2994
126 3888
4 4379
130 630
103 3248
31 114
62 2872
2 4762
106 2538
157 3242
74 75
144 3558
2 2099
96 968
160 1586
118 4987
5 4327
144 4890
17 4068
146 509
125 440
94 1729
109 26
199 766
30 3170
16 3583
155 1655
29 4697
134 3805
64 4126
119 1182
88 3739
117 2502
46 443
38 2935
36 4676
189 3031
91 1912
26 3667
170 856
16 4882
200 3351
66 406
46 119
98 4361
180 4014
2 1965
162 4586
29 2062
99 1067
15 1138
21 2360
180 3404
37 2792
172 4516
93 4229
128 4624
122 3937
50 2353
65 2738
84 4707
107 4729
80 36
11 1839
69 3215
132 3721
76 2914
152 3584
57 4181
59 965
142 3272
77 2294
47 3998
119 2634
100 4313
199 1036
39 1841
10 3090
80 2543
95 4383
129 425
4 3424
27 4433
23 4285
171 4353
76 978
169 1629
133 4908
7 3549
113 36
90 49
169 3525
169 3442
81 2646
149 915
59 3716
73 753
104 4399
152 4447
55 2052
38 1745
139 612
35 641
4 3658
162 4545
76 2207
37 3816
186 4716
140 4647
191 2319
77 4637
63 2067
177 4335
34 961
168 4099
79 4097
183 1092
188 1657
98 2533
184 2941
107 4210
5 2552
163 291
200 2934
195 2848
138 1823
110 3410
140 580
10 326
11 1254
148 210
184 247
84 1901
116 4081
108 614
75 4079
175 2244
72 1034
110 741
185 652
200 4369
135 2871
60 4640
168 4050
48 4014
186 174
134 618
56 2454
157 46
99 4605
102 4854
7 1847
150 4919
74 1028
160 4838
168 2405
162 1627
43 3558
150 4896
50 3765
60 1518
26 2751
107 1183
9 2019
110 1925
37 3365
186 973
44 1786
68 239
56 534
104 2611
17 2230
67 1720
129 4523
146 4237
130 3355
70 4889
187 1265
179 658
128 2152
55 3716
17 692
126 3908
152 4085
181 3563
6 2240
34 1226
24 4778
68 73
4 439
156 3829
50 2197
81 1976
162 4960
19 1590
131 1725
156 2968
177 2049
137 2282
4 4586
87 1125
44 1067
136 1484
180 462
19 1833
47 4196
166 4009
109 3630
72 3404
157 3029
160 3829
132 1036
167 2382
38 2887
68 3754
186 3408
51 1219
27 3698
184 3376
124 2079
96 2172
64 3368
23 2843
153 1383
133 511
21 453
105 652
115 3624
35 3081
171 4073
141 994
14 4377
185 1713
184 3791
15 1587
32 4578
189 4145
166 3023
165 2956
81 1925
138 2070
86 2796
9 4605
26 3723
82 740
115 229
189 4282
3 2922
88 3524
91 1890
85 4948
143 4289
162 1885
77 4959
136 3072
197 2632
43 2202
152 2914
30 4644
8 2242
89 2846
32 2840
156 2695
122 1482
3 1119
158 4094
174 2802
129 737
113 4476
25 2851
146 4740
114 3327
179 1108
109 3149
179 1252
112 794
26 1864
161 2572
47 737
97 1208
138 3862
102 1674
2 4606
16 4797
31 4472
74 3466
8 4556
39 4241
191 3628
73 3441
95 3019
59 1846
179 2017
168 2147
142 1654
52 2822
111 593
15 2593
45 1315
105 557
87 4345
105 4435
192 3926
184 1376
84 240
131 914
43 2105
46 3807
29 3298
136 1573
115 2355
140 2805
113 3005
18 2053
90 981
29 4351
138 3686
124 302
2 112
155 1019
83 3307
65 3461
99 4498
170 3488
74 2520
35 3279
37 1823
140 2250
143 1637
89 2555
60 4641
191 3945
21 926
135 339
92 182
158 4552
89 2141
155 3934
12 2030
152 2017
101 480
143 3376
54 755
114 2334
139 4769
136 3401
190 424
128 4338
45 10
195 1373
110 75
144 988
3 1411
44 1442
132 1882
82 176
121 4040
184 1163
169 3854
92 823
96 1948
33 4941
130 2579
125 3626
160 3166
174 2407
84 407
14 3278
179 4545
48 312
121 2419
132 4271
170 1907
61 2123
130 3700
32 4483
104 3046
73 3355
77 2915
87 1138
164 4630
143 4134
174 1504
70 4149
132 3917
180 3630
29 1700
186 3217
167 3433
127 514
102 2456
193 4599
109 1977
25 3266
129 1646
69 2137
168 3632
172 4931
168 2398
9 4433
147 4957
164 1498
191 631
141 3854
98 3475
18 880
85 4690
147 2234
90 485
6 959
138 2106
184 3930
127 1078
164 3030
19 1358
110 4245
123 2447
126 1944
52 1935
113 240
11 4795
60 2087
41 3637
50 1707
58 3175
160 2602
186 457
55 1654
195 4210
180 4403
105 4433
66 1178
57 4386
162 3526
8 1448
139 254
160 1811
35 26
121 1092
125 3355
117 50
40 4038
97 4581
47 86
34 1264
178 4186
20 3003
110 226
111 194
21 1494
82 3764
42 3715
129 2104
74 176
101 4256
123 2781
65 2090
116 2560
166 2177
71 3817
106 4438
47 790
58 1739
158 2841
132 2730
123 4008
55 4619
93 1559
69 3986
167 3954
189 156
65 3568
12 1232
109 3838
90 56
76 4504
200 3524
165 2888
66 2412
9 3634
106 2170
184 4138
181 640
134 724
90 271
99 4830
87 4523
95 3992
97 579
167 2456
5 2925
193 3795
200 3814
94 4558
134 2517
177 3307
146 3749
3 3770
182 936
93 2916
199 243
160 808
84 4545
86 3863
143 1102
125 2698
83 3987
55 777
72 2716
115 936
102 1973
47 4230
64 1393
192 4482
85 4323
9 1756
96 2779
188 3661
84 887
97 1079
57 2423
40 4518
148 585
85 3190
79 2338
119 207
70 751
34 3188
41 2022
18 110
106 3952
40 374
107 4407
190 157
67 4782
139 2680
56 4653
5 3681
123 4064
18 1899
14 25
192 3522
53 1398
173 191
4 2636
177 3338
132 1022
66 392
41 2150
144 2971
22 3141
134 3960
153 1639
36 1061
100 4284
80 489
182 669
39 438
131 541
20 2236
170 3254
106 4300
50 1400
66 3209
63 4520
152 2116
2 4358
105 1082
116 4793
77 509
122 2195
165 1299
38 4972
100 710
120 4670
102 331
198 1002
142 1871
152 2065
24 584
178 3207
118 3159
6 4183
2 2577
92 3985
89 4175
127 3095
116 1092
14 1685
183 465
152 4043
68 1138
29 1548
69 337
42 341
191 1415
149 3190
171 1929
83 801
118 1987
65 4040
183 2862
60 1564
88 510
131 4563
92 4412
85 4075
27 3574
107 3785
81 1159
199 4460
135 431
151 313
22 2267
76 1986
137 3100
158 2971
133 663
191 3134
32 1913
113 580
113 4699
160 3619
172 386
21 1611
113 174
193 2808
182 2732
98 3711
132 2471
131 1668
13 1125
180 239
200 3188
49 1963
101 2151
156 3180
150 1642
166 643
121 3118
128 3353
143 53
135 1805
138 4418
199 4855
149 3108
154 2033
34 2933
56 4741
44 1585
105 4487
117 3419
180 2458
106 40
45 2247
71 2411
137 1888
197 4852
87 1340
12 1116
16 1541
57 3654
101 2442
180 2467
105 1020
19 4292
105 2453
85 2288
69 2864
32 1628
126 42
42 373
86 3071
24 742
144 1748
65 4100
168 836
67 42
32 1254
82 3459
31 4353
58 4964
192 2458
100 2001
47 3568
110 4979
44 4660
152 2056
74 39
67 4591
4 1100
86 58
124 3125
41 2942
133 4825
120 4442
149 2338
172 4228
39 4576
44 3864
146 4225
171 2846
55 1142
150 1355
149 1968
32 1505
160 2725
6 1882
146 1438
121 2654
182 1477
65 1845
53 1171
121 2379
21 3280
33 2494
84 229
43 277
73 3383
95 4843
44 3929
129 1283
70 2478
20 4570
28 396
102 1417
6 1176
149 822
189 823
106 3134
39 4592
141 3841
185 2499
128 1623
89 2980
147 4292
154 642
182 167
79 4121
164 4376
187 955
173 3631
89 490
93 3390
165 376
125 1754
87 762
177 1570
173 4266
172 3095
36 1461
89 3230
38 197
68 4691
102 3040
141 1488
138 3810
74 4965
129 866
187 2398
86 4637
164 3515
144 1786
69 254
109 3042
112 722
188 3895
59 323
79 3846
80 2261
78 2402
195 1400
104 4551
27 3877
182 1505
17 1697
165 3753
11 4685
38 940
74 1247
9 3078
3 126
147 2102
143 4613
43 2310
194 527
37 4506
180 1692
49 3324
127 2654
183 1357
110 4953
185 1789
168 2524
14 3108
38 1880
44 4079
165 252
7 665
118 2358
67 673
91 3259
169 4640
172 1466
116 747
146 1758
157 685
178 4697
67 730
126 551
6 552
77 1301
8 868
83 964
123 842
146 1985
170 2821
157 3330
189 2599
58 2229
77 2780
6 1049
17 90
196 1350
72 4196
82 4412
153 3969
78 3748
2 327
159 326
7 2843
35 4204
100 4872
183 4713
19 2798
8 1978
33 664
196 543
30 752
76 1774
81 4970
99 2052
51 2769
124 2887
89 783
6 3912
159 3264
97 2708
189 616
29 4823
97 3672
102 2099
65 1506
57 1621
18 1293
96 1833
181 1117
19 4609
6 867
104 4961
68 4133
61 48
84 1344
123 3388
91 1472
50 2336
53 4866
173 2033
177 929
187 1121
62 3079
44 1406
193 2219
35 3181
52 1476
74 2327
177 2911
97 1659
103 3236
76 4568
57 134
22 823
111 1704
121 4548
13 996
46 1656
165 4093
149 758
182 3587
101 4306
114 4472
136 3402
117 3456
67 1321
169 299
56 4279
189 3928
144 898
25 4029
130 3121
59 4432
27 578
197 1246
91 529
94 1028
6 3057
155 3242
189 2769
72 80
101 4750
126 3494
145 2992
37 4248
112 2846
83 2309
86 4253
24 4667
24 3587
177 1205
29 2775
179 2828
124 1279
191 3070
24 3026
51 4352
73 1560
101 1962
187 3374
170 4024
197 4841
100 3059
183 4519
120 3614
91 3786
141 2082
44 865
15 1502
126 1517
86 3645
192 4434
34 2658
191 1253
70 3501
102 1033
152 2090
9 2687
11 1555
95 4835
6 2748
124 4879
103 2918
143 1039
101 2539
85 951
194 623
79 1072
89 1707
183 2240
163 3486
38 3371
65 429
37 4307
98 4442
154 2844
3 1408
193 99
60 1274
182 3866
132 1007
136 4750
187 3878
6 451
115 2067
193 3654
139 2426
25 2606
54 4631
157 3046
90 3487
70 2910
80 1583
95 2233
97 3002
126 1464
108 1056
194 1259
9 305
195 3530
48 3400
28 4955
77 3028
2 2926
151 2080
30 1153
171 1400
199 1464
83 2402
62 4622
33 3968
131 2365
100 1507
125 2541
189 1814
60 2977
1 2088
186 4870
12 1305
84 3221
170 1409
166 432
39 3971
149 2900
52 4057
165 713
85 2519
161 1711
48 1410
111 656
73 1518
156 4433
132 4123
170 582
182 3399
161 2563
65 579
194 4836
32 90
143 2788
188 2584
15 2786
184 2607
142 3464
91 1381
22 2868
183 4453
118 2333
139 2438
91 4504
74 3886
23 205
2 3874
99 2241
37 1785
60 669
136 2083
41 2802
142 2708
94 1057
103 3780
178 127
137 790
1 2460
98 1592
33 1964
89 4973
26 3098
157 2179
104 2704
123 1560
124 3792
78 3739
110 3194
76 45
76 4806
36 633
183 538
174 4235
68 3870
31 3643
63 4182
85 3517
47 1005
167 1652
26 453
60 613
58 2434
91 2783
11 4760
181 1968
148 1285
12 4537
180 3940
165 2389
47 39
96 1480
80 1535
120 1245
194 3981
192 736
97 4683
42 2621
83 3257
85 2127
47 794
122 3400
16 162
100 2732
34 298
125 4123
168 1040
169 411
132 3001
60 4530
188 3070
141 611
48 2349
108 611
128 3732
103 3342
131 481
153 2879
160 1653
11 4810
36 1942
60 43
61 2962
44 763
62 1645
49 4174
103 3698
145 1586
33 83
5 1224
105 3050
126 673
140 774
72 3043
14 2747
177 2817
159 681
123 1278
175 1738
52 4395
51 2009
175 240
35 118
45 395
94 3178
134 1078
65 2717
37 2663
143 4488
141 1615
189 4480
74 3619
126 579
26 1007
89 3837
47 2624
3 1646
26 995
3 1492
147 566
120 4085
5 105
117 2772
180 2810
106 3391
139 1586
112 920
82 4011
134 646
191 1345
142 888
38 4998
13 1745
157 1155
87 134
192 3918
21 4414
24 546
19 523
175 3464
32 4934
74 3728
179 1627
126 111
157 4878
15 3093
135 2131
194 4586
115 2661
180 2586
13 1332
25 2810
152 2374
50 618
60 2189
190 4194
13 3903
135 3829
162 716
158 4798
138 1948
79 4831
139 296
24 616
55 1215
50 2224
166 2758
59 2799
16 3510
108 2804
18 2049
97 4056
100 4317
2 4896
8 2603
12 3342
54 1936
177 2325
175 3584
167 4206
127 1811
79 453
176 1134
20 3690
71 4915
83 4877
141 3621
56 2392
188 825
123 4404
48 3929
99 4965
23 45
97 1
141 4126
169 1932
155 3875
99 3600
189 2620
21 42
22 1847
42 2130
199 994
153 2884
13 3102
91 2127
187 2441
150 4856
115 1349
52 2834
188 1633
17 3821
48 2035
37 4679
6 3981
154 2904
16 2606
190 1989
65 748
41 1201
5 4052
7 770
70 4669
34 4148
139 3651
192 3749
142 1850
6 2795
80 571
141 4467
148 2035
24 1243
1 2003
187 4055
199 2610
82 1587
41 4049
181 2165
121 2722
94 558
98 4233
197 1197
4 1791
58 4555
188 2881
144 2749
133 3361
59 4267
199 4549
21 3141
14 1233
180 2811
150 4785
160 3764
87 4784
105 2460
177 2728
20 1867
110 955
172 2538
18 2827
84 4550
196 3780
6 319
192 3139
101 2960
19 2348
151 990
123 143
179 4526
169 2514
166 970
188 4508
179 4276
67 3152
146 345
32 27
165 3
108 28
44 3661
163 2069
45 2110
11 2296
7 4484
35 3699
147 760
15 4644
48 334
61 1328
116 3626
179 3404
9 2948
158 2478
100 4768
15 111
158 2187
1 4348
168 1644
130 1604
94 4589
91 4960
17 4996
93 4011
170 4604
22 1768
96 4599
122 1849
22 3654
158 4175
115 3632
83 2901
171 615
102 798
62 1022
68 3969
198 3704
172 4129
91 1189
174 3794
55 1431
142 4896
108 1477
140 605
176 1842
81 31
11 1400
187 1990
74 796
101 4051
138 4388
85 2459
174 1776
8 3674
54 521
4 242
58 3039
151 3789
143 3112
181 2104
19 1769
37 3187
102 3832
61 2750
22 1316
178 1176
162 2815
119 3596
57 1436
11 2230
71 3938
19 4719
125 2039
26 3437
173 4800
1 641
122 4400
134 1701
61 3916
129 3093
6 1742
48 4133
51 920
97 2192
137 1589
180 1615
49 1449
198 3107
104 1038
168 1163
150 786
72 4525
17 1425
57 1584
86 587
169 3878
115 1404
152 3875
65 1538
110 2496
54 1403
142 2687
22 3922
62 1272
200 2821
142 4414
129 3089
144 4920
27 2831
75 4672
117 465
167 3031
54 3714
194 3673
108 4096
19 4365
183 4972
188 2930
151 223
143 2900
81 3849
143 4228
175 1639
107 712
164 2631
25 4527
33 777
167 971
115 1588
73 1712
180 382
131 1167
158 2592
74 528
192 3673
126 3077
168 4484
86 1456
133 1200
172 1468
24 1923
24 380
150 3271
9 3978
24 822
88 3886
12 3988
170 2342
185 4970
40 218
107 2713
74 2792
78 1377
114 745
173 457
189 4423
88 2701
130 4910
35 1557
24 1423
133 3997
80 4641
34 368
147 1793
27 1357
27 3893
28 1251
144 1699
19 2247
85 4996
71 2093
94 3064
50 1238
45 258
98 949
147 4063
141 1319
106 1861
85 2206
67 970
25 821
50 2006
39 2059
153 4429
97 3213
47 2285
66 2348
138 4973
68 4258
72 3640
80 1755
23 3012
39 213
58 2767
30 1811
180 412
132 4059
17 756
12 1445
119 1214
100 748
145 1281
194 1694
120 1147
134 4759
101 4564
200 4392
76 2631
143 2578
101 2178
68 1764
196 1639
25 2315
180 4872
199 1317
187 4584
179 3347
11 3483
197 38
156 1988
140 590
162 546
182 817
14 2192
88 3039
117 4106
189 1197
80 3898
161 4329
52 78
1 737
51 643
186 367
193 1091
51 4211
24 2299
56 4717
82 4062
144 4643
11 623
37 4750
174 3085
169 1816
115 350
137 1131
197 435
3 278
100 786
159 2289
108 3545
134 1181
79 2176
120 3494
94 546
156 4591
111 3249
33 4214
114 4974
81 1048
6 1207
6 1150
32 2372
167 3001
32 1071
30 1671
91 4151
144 4174
52 307
199 2563
183 29
133 3349
102 3522
116 927
77 3408
70 4834
30 145
137 2472
95 3875
188 1611
14 4832
34 2206
75 3357
58 1662
153 2796
148 146
69 4644
58 2898
88 2209
15 1953
47 4700
8 3188
29 583
182 4975
126 4675
51 778
44 4417
98 1315
1 76
4 1370
5 3607
129 3050
44 1641
5 2031
15 587
52 4086
191 1032
117 2927
9 1162
181 1712
78 1207
17 3774
22 4087
82 1152
85 2180
18 3392
194 856
132 3750
120 3269
28 3740
86 4153
200 3001
55 1424
164 1697
155 3267
31 4462
61 1521
153 2110
118 1517
34 2038
91 1508
28 2686
1 4469
157 825
84 1703
110 1341
114 3372
155 260
182 3843
12 433
157 3552
189 4851
11 787
191 2792
13 475
32 2783
87 2116
181 3267
42 1147
100 769
197 2487
97 3896
78 721
99 1932
128 3671
191 411
67 880
81 3280
141 2814
150 589
109 3307
44 2375
4 2602
168 2854
87 1623
74 4702
81 1654
170 1727
132 1784
83 4897
146 3259
107 294
93 4225
161 31
140 635
88 2354
172 2454
192 778
169 1232
95 3892
51 2402
3 3023
41 721
33 2362
164 4902
90 3618
47 3861
149 320
185 575
64 1410
31 3213
100 670
119 3892
68 3306
111 3688
89 2549
88 1060
174 3438
76 2291
65 4898
87 2195
173 3479
57 3531
5 3524
54 3158
63 2968
31 3716
43 1315
129 819
183 4011
118 1821
78 1085
95 2159
194 1659
36 1213
154 4315
125 4277
192 320
26 4368
6 1276
104 3462
124 707
179 4712
3 4643
95 2239
6 1681
177 2222
135 468
171 4116
50 3975
164 3831
17 3818
54 2335
98 1508
46 3952
50 564
24 2332
34 2783
130 1425
81 1494
55 3247
90 3852
167 664
103 4332
7 3659
128 3300
124 254
130 2159
52 3501
190 1472
181 3948
131 4771
170 4974
80 4881
167 2657
192 174
126 3149
195 434
72 4957
81 3009
170 133
40 1754
35 3262
103 3788
71 995
196 992
178 2460
65 3852
120 2718
122 2025
54 1305
142 4516
103 3853
5 4085
88 4938
118 1495
41 663
57 4257
141 3183
185 4378
93 3121
125 1005
122 4533
188 3889
121 2765
137 706
52 2032
161 2479
46 3319
114 1177
141 4600
13 2052
48 4848
105 3782
172 2542
145 4196
123 792
105 3115
191 4652
126 4709
81 4246
127 1743
182 1108
178 1254
173 3663
141 4334
113 4789
193 3842
118 3790
90 1805
109 3093
58 1479
14 218
101 3829
77 4809
108 4744
60 808
97 1478
16 3935
84 433
69 49
45 33
56 849
34 4646
56 3840
165 4727
140 4269
142 4701
24 321
108 2820
46 2981
14 1009
159 2993
76 3867
60 2063
151 1354
75 1750
190 238
139 1393
94 3407
26 826
167 2241
83 700
195 3353
86 3390
15 3436
188 2430
54 3706
36 4941
76 4778
67 4514
93 4110
92 2594
60 1508
178 1445
187 2910
166 3848
44 1456
108 4847
27 205
94 4101
141 4600
184 3785
120 4448
198 2043
52 4815
168 1087
142 3156
19 814
42 2296
129 3143
18 248
189 1160
11 4598
72 4135
79 2016
169 1604
134 3557
14 675
178 1233
94 546
61 3847
138 2985
36 1226
95 2312
74 4966
189 2919
108 4644
199 4973
124 1631
180 2469
127 1984
57 948
197 2084
54 3592
104 689
46 3251
77 626
11 1168
144 1842
93 1221
185 4429
88 3952
122 412
37 4770
10 14
180 809
36 4263
194 394
113 530
16 3725
173 393
160 3028
31 1148
48 4592
77 1737
184 2471
169 562
200 3389
81 3798
170 4804
162 1749
68 3593
61 2211
96 4075
9 2767
76 517
17 329
197 4230
48 987
43 4413
124 1716
51 3580
134 481
48 205
4 3826
83 393
30 379
47 1227
17 1268
108 2379
25 1658
150 1340
66 2795
144 4146
69 3317
196 4714
87 4914
22 2436
35 4235
50 2636
74 542
160 3233
13 4634
188 1665
151 4824
71 3290
65 1640
152 4937
87 3231
54 2220
120 2664
169 3602
91 259
138 2426
42 378
187 2444
168 4826
194 4854
165 688
191 2453
169 1328
44 2698
197 4651
147 2486
137 4049
141 3991
3 1343
116 3007
131 1966
16 2880
171 4431
13 4055
8 3405
19 2043
130 4143
116 3094
144 114
104 2137
56 3968
57 2709
20 1463
39 4732
55 1720
38 1525
75 2758
137 3557
122 2506
168 2802
43 1564
21 373
175 2419
13 506
174 1309
185 1117
93 1893
71 1984
105 1201
115 787
132 3639
88 3761
36 2693
142 1447
192 4437
79 3579
139 4969
92 280
86 240
60 1311
34 333
99 1571
178 978
2 1989
176 944
134 1974
94 3129
176 999
153 4208
178 2851
127 2114
90 2189
11 1879
194 3245
152 4748
71 4686
56 4331
129 4490
168 2034
75 850
147 10
21 2614
125 3525
9 4780
175 4663
69 1577
76 1544
115 1564
197 1724
136 4141
110 2040
24 3540
181 4233
84 4404
70 1499
45 4722
85 2981
190 160
61 764
131 242
126 1690
9 1959
18 2867
179 1630
45 4851
179 2789
108 4045
109 3559
180 388
159 2525
155 2813
5 2558
183 1
135 613
131 3545
33 1129
166 372
135 3781
171 4403
43 4596
51 771
199 3860
60 4232
29 2753
26 3416
35 744
65 1777
73 754
98 1650
169 4754
68 2663
106 4117
172 712
193 3358
79 482
88 3576
1 2844
99 2488
154 2436
13 4141
159 1340
76 3595
14 1393
64 738
137 4153
157 718
15 789
83 4090
63 130
103 1036
180 2177
80 2433
21 2055
22 2996
193 3232
106 1214
97 873
53 767
64 2425
56 1554
74 831
120 3699
120 2726
43 440
145 3791
85 1373
51 4270
66 4409
11 2659
84 1388
153 2648
196 1953
58 2688
45 2692
8 1756
127 4044
147 1264
55 1083
194 490
52 3061
106 4041
65 1208
104 1965
80 2450
160 4904
71 631
145 4579
114 1240
65 881
79 3413
189 4308
59 574
177 2403
148 4052
61 3250
184 3590
40 2561
166 2996
39 4351
91 3440
92 4719
199 4830
84 1160
4 4518
155 4290
97 4717
124 4089
111 2880
142 2903
35 2596
167 3052
49 1328
72 1544
185 1711
86 1253
2 489
135 4682
73 3173
5 4660
158 3397
50 3006
115 4466
77 4410
120 1756
163 4598
139 1677
117 1809
46 2867
11 848
169 2761
31 1561
53 3876
67 2282
146 663
154 337
183 1730
164 4436
33 1689
10 1141
49 3523
91 4166
8 2143
163 2380
54 3629
94 4953
157 1136
19 4075
191 1838
93 2672
15 2133
53 4587
21 1865
133 1671
34 1295
141 1368
160 3579
35 1238
1 4043
6 1210
157 392
138 868
188 407
68 1408
25 3232
19 3645
33 2123
112 1130
196 2789
7 2924
158 222
113 4991
189 3563
121 1964
157 4780
200 1264
126 367
31 4841
27 6
141 3878
134 27
138 588
137 972
166 2232
194 994
196 4956
44 1681
152 2351
57 2060
129 3179
160 3269
70 1197
60 3183
198 2617
158 2115
151 2551
31 1607
174 85
68 4507
102 2620
38 4987
132 3494
78 4261
199 828
13 2112
171 4589
109 4052
163 1436
105 4623
51 3592
190 4483
132 554
115 1566
169 2019
123 4687
85 4623
131 3691
85 418
28 1406
31 1738
141 1154
178 1314
11 814
88 135
1 3199
119 460
86 3933
7 3632
83 2298
8 4260
49 2069
148 421
2 519
196 2351
113 775
62 819
157 2135
23 2730
200 1747
189 1279
159 724
50 171
172 1322
6 327
8 2316
197 3360
136 677
54 2275
60 865
25 3921
12 414
16 2064
121 1719
45 4982
122 855
81 119
49 4267
10 4223
83 3972
154 3779
80 1159
157 1648
7 4852
147 1728
139 74
35 1138
39 2219
145 4766
88 1080
121 3336
182 4135
109 2821
179 4306
81 3380
135 2023
35 1544
181 3207
115 4668
53 2799
141 2903
88 2097
186 2705
155 1712
15 1332
185 1672
33 4589
12 2057
57 1915
3 3745
177 3397
70 3032
23 4314
173 2
41 868
51 3680
191 309
90 764
25 4356
127 3484
96 4933
145 3941
24 2258
67 474
193 334
85 1092
67 1451
8 148
111 2559
51 1980
139 2605
126 4024
48 4945
58 2434
72 2201
91 2859
191 2243
139 3204
152 2546
172 227
56 3489
146 4767
35 4024
155 3503
134 605
50 1162
31 4833
92 2907
196 3896
198 978
95 2758
135 1600
47 2502
176 2148
63 4297
136 581
96 1787
50 307
12 2649
5 3071
197 4976
167 1937
88 2797
184 2938
51 2129
118 691
104 1930
194 4733
186 2111
82 2601
171 1134
63 3719
126 3729
155 771
108 2192
42 2286
53 2734
194 2370
184 3774
58 3816
159 1336
55 1544
80 1983
40 2791
52 3125
32 2607
93 3564
189 977
179 4057
140 2225
116 122
155 1269
86 3495
116 4680
69 1456
76 244
197 3157
39 434
133 1674
8 263
139 2384
70 790
141 4699
64 1739
156 713
118 4717
76 724
98 3972
119 4237
86 3716
133 1325
147 718
158 1833
193 3891
10 2145
129 2129
50 4682
42 1006
195 1755
5 170
24 1326
96 3562
120 1599
121 4383
127 4492
49 1573
147 3090
193 3409
139 3653
105 4679
32 45
69 2188
120 2291
75 3209
157 1447
134 597
60 2163
195 2917
152 239
46 3183
185 2587
174 4408
14 751
114 2735
49 1523
34 1576
93 4193
197 4349
82 1217
13 1479
167 4350
186 4857
83 1026
152 160
58 3577
29 2463
24 3920
46 4606
45 4851
159 3221
198 1926
121 3111
193 2422
188 4967
134 1412
23 2203
4 2860
151 811
119 4971
15 3974
150 432
6 3434
42 632
135 57
137 1659
42 3870
142 3562
51 4172
34 3032
83 4826
19 3725
155 2616
147 3944
47 2521
184 1695
64 4528
22 4368
73 2072
86 906
172 598
12 2492
82 174
35 496
152 4282
104 2919
180 1720
181 2098
28 1598
138 58
182 1459
129 694
167 693
39 3578
92 2166
135 2054
26 2733
108 4243
112 2340
5 1105
81 904
23 3734
58 1598
108 1665
182 3499
124 2371
91 4347
68 541
57 3258
146 719
40 3789
196 4859
153 1973
181 4546
163 4915
195 4736
19 1897
71 981
104 3640
183 171
24 3650
120 32
84 1915
70 552
178 810
42 1077
42 2068
64 4229
116 3791
136 2939
51 3866
128 3128
33 3381
83 301
152 2102
122 2467
17 277
95 2667
83 1694
200 499
188 1035
53 465
167 2878
8 512
82 1281
24 4220
98 3707
127 3881
69 4685
118 1129
109 1039
164 3796
99 1198
59 4959
32 1266
26 3395
118 1783
92 865
127 2002
174 1866
4 4890
148 3202
59 4464
54 2672
41 1723
90 2515
193 4287
113 4481
196 1192
96 3065
192 4343
97 2791
109 777
77 4598
137 3392
77 2741
12 147
190 2235
159 3355
103 491
133 331
49 1415
179 202
179 4493
12 3298
96 1461
127 105
46 2764
75 3288
92 1950
195 1834
128 2086
74 3357
139 3068
193 940
23 528
55 798
154 710
73 4923
53 4282
95 2335
73 2479
68 2446
178 2915
97 300
133 3349
182 4013
187 3454
2 3028
190 3503
104 2878
33 2606
10 4211
160 1971
131 2523
183 1680
143 4676
192 2125
158 4660
133 2829
157 3716
86 3804
171 4298
114 475
104 1219
39 3158
60 1727
153 4053
162 1684
178 3448
94 383
149 2934
170 1533
39 2756
195 148
87 3047
36 575
176 4268
94 966
107 4870
80 3496
40 989
58 2087
177 641
34 4956
95 4864
191 1813
158 1329
164 1216
107 1061
113 405
122 985
30 4529
86 973
101 2193
106 3856
12 623
72 1927
76 2959
198 2342
78 1263
100 4005
124 1032
8 3793
57 3103
78 231
68 835
73 674
77 38
98 400
142 1417
109 3338
176 4809
65 99
59 618
24 3075
174 1584
181 1130
166 4079
58 3540
46 675
161 270
44 2021
95 1875
39 277
153 1176
153 1138
20 4270
36 2648
110 1254
119 1975
88 1699
177 830
150 2100
47 2601
121 4984
96 409
39 4533
50 329
123 3484
92 4422
121 2420
152 4066
6 1148
13 344
177 3226
67 948
123 4494
41 797
185 1356
44 4774
39 3603
146 654
116 4744
196 4068
142 1398
90 1240
144 2278
194 3003
3 1991
156 2282
166 2282
178 3261
12 3421
103 524
181 925
78 875
186 638
137 3875
1 1375
120 502
129 3384
30 3719
165 4810
148 26
110 1940
103 4595
119 3630
175 4817
159 3136
190 1828
171 3024
86 1106
63 3001
184 969
56 1458
99 250
148 4098
196 3235
72 1838
58 1904
117 2059
28 4746
181 228
162 1844
129 1063
43 4775
94 2380
5 2625
73 1441
183 1332
9 2897
189 4237
168 1747
181 1465
131 4323
173 4122
166 3817
100 4173
52 2087
168 1801
72 1086
140 40
130 2007
69 4774
186 2171
66 3707
180 600
15 4220
50 3484
172 1912
165 3487
142 202
184 3494
143 215
91 3035
98 1583
42 1834
41 2097
118 4159
5 4548
89 3390
64 711
176 2897
10 2010
193 3165
65 415
173 382
21 3903
178 4166
194 1733
2 4192
172 2407
19 3882
50 3027
166 2249
5 1561
107 2492
137 3264
19 2913
106 2568
95 3126
193 4870
73 2439
188 1072
102 2367
149 2806
179 3007
122 1812
176 3986
45 4233
163 4112
146 3065
106 3926
70 1829
172 358
32 2107
87 3379
184 603
169 4635
44 484
178 809
139 3116
164 2162
14 2664
138 872
102 4862
63 2331
157 4875
56 3336
171 3586
151 3933
26 1422
191 4457
64 1694
98 3426
81 4184
183 3174
58 3996
149 4512
183 3480
99 4590
142 2381
143 4066
147 4202
45 2866
90 735
89 3494
20 378
64 4030
31 4919
71 822
58 3013
137 956
110 297
121 2956
114 3164
90 4152
19 2117
160 1334
18 1722
78 3780
125 2865
38 4283
195 1379
71 3383
150 4380
87 2661
155 3318
109 747
80 324
172 2548
181 620
96 2557
2 1662
175 2681
49 1888
34 3207
41 2382
59 856
123 2433
106 3788
16 2225
185 1087
86 194
53 1548
19 4968
68 2041
138 1788
191 1561
41 4265
189 4347
140 3070
46 1024
105 4835
88 2198
55 2891
121 588
136 4501
71 4381
6 1363
69 2245
78 2334
69 2323
55 1701
143 1524
67 2039
103 738
200 2876
127 395
49 1778
138 2277
13 1920
188 3109
90 4864
193 4817
49 1474
141 3567
84 4376
101 382
14 4752
131 2848
196 2787
57 1750
161 4712
199 2526
81 1727
161 2043
185 4205
128 1414
43 512
107 1414
117 4535
179 880
187 1949
104 2501
8 2765
74 4957
178 2934
61 4365
3 1413
73 787
15 40
133 4275
36 4765
133 1984
162 4507
120 1151
9 1786
128 2751
106 100
78 3212
98 916
127 4393
122 4518
183 3537
137 2178
156 4097
42 1040
1 3396
143 1630
52 117
61 4530
173 839
80 3390
15 2118
196 1347
157 1484
67 2968
188 1531
148 4392
121 527
53 2985
110 3666
20 375
172 4266
163 3972
91 4945
4 4144
188 444
17 2000
156 4488
109 1504
77 2170
174 1897
67 4210
126 4127
5 1721
146 2639
197 130
116 738
26 985
172 86
146 2428
35 4095
49 4755
168 4078
23 3580
124 2995
73 1085
116 2349
174 1233
186 2944
27 4199
113 124
54 3745
160 3040
96 964
145 4573
44 2528
22 641
164 4435
178 4187
38 2031
50 2669
178 4857
139 2369
150 2579
129 861
84 1564
41 2890
146 2260
180 3683
2 54
4 2282
174 1985
130 1742
136 3274
76 1116
80 2386
1 4456
179 411
178 970
160 3657
155 1679
131 2150
200 782
62 4114
154 2220
129 4173
49 4828
99 3949
83 4509
189 4146
46 2007
98 137
42 3939
166 3219
124 1003
137 595
18 2356
170 1583
80 3713
20 1418
160 2615
8 256
156 3409
21 2351
128 141
8 4917
93 72
185 3296
3 3516
118 3776
148 4956
98 3591
123 3919
154 4471
65 4796
25 3772
195 2106
55 4612
181 4247
168 3643
20 2056
66 4926
111 170
177 3313
136 2842
169 3956
108 1704
178 1860
50 3250
167 4037
160 3455
198 3466
82 3507
147 3799
115 882
188 68
142 3034
150 4394
142 369
198 1153
138 2135
15 1762
128 1983
20 638
113 2966
70 2006
37 2326
3 1171
1 4625
65 4202
135 250
126 2633
135 1397
51 1626
124 3635
160 269
104 2181
77 2474
7 4700
52 1091
168 4202
21 4732
43 791
84 3526
29 1605
124 1608
189 4011
158 1656
199 2350
25 4316
76 1338
81 2895
96 2433
129 2395
22 1855
181 3191
80 554
158 496
71 3036
119 4591
31 1675
196 2324
21 2939
105 1003
132 1536
78 4608
164 1108
49 2402
118 3082
73 2527
163 3873
45 4141
179 1664
73 129
74 929
199 1161
115 2702
27 112
54 1080
186 499
101 2150
88 11
9 3194
31 3644
59 68
183 4494
44 4947
162 3907
171 2945
41 2393
87 1583
145 259
11 4223
44 3230
7 418
150 4456
150 2953
117 2192
55 2865
9 4684
27 1363
166 606
148 14
100 4714
116 974
77 2800
191 4238
191 1211
102 3890
137 2493
45 1809
9 3731
25 2887
189 3854
6 3496
130 2136
39 1303
96 585
195 4970
1 2772
34 2053
28 2666
114 4401
70 1981
178 1198
46 4845
140 2017
91 957
32 2093
99 1938
105 668
27 3810
48 2315
52 3346
149 917
99 2756
54 2982
120 4433
123 4126
80 2632
19 4270
4 2736
3 1912
40 933
74 1585
33 1066
3 4823
57 3435
88 1464
108 3489
200 3717
58 4269
153 3112
69 1180
33 1275
181 195
154 3076
18 4705
170 909
116 4221
44 4427
73 1300
32 2794
189 897
152 2563
74 27
133 4535
17 3522
137 4208
111 2507
28 4122
197 203
163 3838
154 3445
9 4108
109 2795
40 4756
187 2191
157 1733
145 2742
18 256
42 367
112 2506
136 2893
138 1694
192 4057
155 2763
182 4640
159 4939
198 3946
97 3084
184 860
81 4582
148 2639
157 455
27 851
99 2941
94 125
68 3582
101 4327
140 2116
157 961
3 2906
48 4005
49 3741
58 1416
176 2390
96 3680
176 2245
68 340
22 4191
131 4258
36 1327
136 4062
113 373
86 3896
41 3467
118 2606
128 4539
15 2097
10 1837
123 2698
190 2961
139 965
40 402
78 641
178 3747
175 2526
192 3115
85 866
4 309
146 3454
15 4688
56 817
157 173
92 1132
89 1980
113 3927
122 667
45 1132
138 3738
30 4746
109 4610
74 1655
73 2858
54 830
64 500
89 4819
112 3865
96 1663
33 900
43 4432
49 3341
164 3156
136 1702
142 3848
38 2356
173 933
90 607
141 1413
145 823
197 3795
77 2155
115 4120
153 1029
66 58
80 2869
101 952
149 2411
167 2351
194 2104
12 2442
110 210
114 4083
109 2977
170 1474
150 1212
40 2607
17 920
173 2893
37 2920
53 2839
128 4542
151 2593
133 943
132 534
128 3606
132 2083
29 4195
133 470
168 3867
41 3
51 1728
196 1127
15 840
163 4638
142 4280
30 1018
95 4357
62 2545
82 2465
111 2719
14 1850
79 4221
183 277
19 1850
167 2141
133 3583
189 4130
147 491
53 1486
21 4716
172 462
54 4770
163 901
133 1487
66 3234
139 2917
11 3908
99 398
122 2407
67 4629
199 4262
165 1234
165 37
92 3767
76 612
181 2289
113 2530
166 4872
71 4655
78 1499
141 2377
42 1563
175 298
30 3198
22 3855
173 1046
125 2200
178 3479
52 3541
80 2901
169 182
67 3620
48 3332
183 974
25 4863
123 529
100 3860
92 963
54 1127
14 1214
68 1310
186 2743
143 4763
131 864
159 4689
79 4139
53 4743
149 2588
6 2851
86 1356
37 2426
34 1085
172 3034
192 105
49 2390
169 985
143 4751
164 674
141 4457
147 2504
62 1266
56 4591
127 2537
1 3543
85 3243
177 4196
144 2915
199 2916
124 1957
122 1593
1 3940
87 2911
94 4473
127 1150
5 1606
31 3829
6 3213
41 2556
192 3182
198 4308
21 3703
84 3166
200 3978
194 1924
113 823
199 3364
124 3381
148 4832
91 3853
80 4067
36 3002
13 3939
98 2752
43 3608
69 3225
173 776
160 2333
36 1964
194 1162
84 3799
181 4194
26 3114
43 1293
38 565
24 4979
181 4352
80 1943
130 3193
131 313
128 4009
83 960
197 3240
10 3194
139 967
80 4515
131 3624
10 4289
6 1294
178 1679
99 1493
79 2948
33 3022
98 2985
116 1601
137 642
145 1996
127 4787
25 1398
191 4650
73 1426
49 4139
104 2106
126 3901
125 2458
123 3998
149 3044
181 4120
181 4431
149 3780
107 2725
22 1421
179 3651
59 4911
40 689
181 969
78 176
175 4715
54 1146
132 2742
144 3168
92 2299
90 4134
149 2697
22 400
56 3315
47 1407
152 2730
154 4828
112 1265
17 4153
15 4632
72 1800
131 2277
192 2816
97 1550
194 3593
76 3050
158 794
103 4252
148 4755
168 4399
196 2165
48 1900
43 1543
175 695
146 167
145 4611
53 1779
158 4737
39 4483
155 3823
115 2462
61 3520
78 1859
132 4818
96 1049
75 297
70 3202
106 2039
179 4215
165 3528
193 4003
124 4379
10 4041
151 271
61 883
1 2914
13 718
179 321
190 731
166 2377
11 1246
149 4687
136 1753
140 4971
40 2641
67 1744
131 1236
71 412
73 74
171 1267
136 1361
33 4686
3 619
171 2070
18 3615
105 3155
133 1247
157 992
44 200
101 2593
109 2877
116 2718
120 950
174 3217
40 59
40 2195
56 3899
17 2074
9 2778
185 1135
15 4614
190 970
101 2801
82 15
192 455
114 1772
24 3962
95 1863
65 1211
39 3512
113 2262
20 2717
56 2903
165 1016
92 257
77 3360
124 3070
135 4158
23 4072
71 2849
147 3594
104 3945
44 2069
94 1143
186 1541
97 4441
156 4534
102 3941
73 3165
2 4683
154 2251
130 654
156 130
32 4857
17 731
149 2465
179 3725
67 2933
32 2068
67 3041
72 1097
4 3542
108 771
158 499
36 4707
175 4672
87 536
68 1958
52 3596
70 3572
30 2047
125 4253
6 334
179 1882
63 427
197 3042
133 1257
102 2124
90 611
189 393
76 673
41 1453
157 704
111 1577
104 1451
141 3937
135 2660
191 3777
102 4997
40 4303
105 947
36 4936
102 3897
122 2068
47 3304
150 1770
4 4739
62 2960
24 1501
175 755
125 4374
152 1282
48 3117
63 2676
107 2919
43 1842
103 4230
20 2305
145 1157
134 4231
172 533
144 2354
124 2996
186 3562
165 4913
142 2066
47 4451
120 960
200 3100
86 4617
35 86
162 559
165 4495
156 1979
29 1715
140 1085
128 1901
43 3567
49 577
192 3620
23 1077
102 4750
99 4655
116 3919
87 2662
20 4034
195 4911
44 251
73 4283
66 852
200 4435
179 4173
112 3806
44 2145
101 1101
101 2391
63 11
64 4076
93 1631
75 339
80 4310
167 1772
198 1561
94 262
160 4836
27 1806
90 403
44 1060
48 1214
166 123
129 4970
12 4385
73 261
74 4617
133 3948
194 483
137 1565
39 1097
185 555
172 1403
162 4514
155 673
71 875
173 1622
35 2591
123 1031
62 1408
118 859
62 25
7 4918
10 2869
84 4898
45 3359
194 1769
153 3811
96 920
178 2467
192 707
134 2290
47 1999
7 2623
84 2517
37 42
176 4324
38 3257
173 4498
20 501
168 2982
91 1707
42 4586
8 1964
139 2272
175 4027
35 3378
172 3617
161 1812
122 386
190 938
148 1628
82 248
32 4573
18 4622
195 1595
112 2634
189 2611
25 4777
89 3500
179 1997
69 3089
38 1794
190 2989
138 1019
67 2540
40 2950
126 1493
85 1105
124 1753
161 4512
168 178
132 2800
107 3085
62 752
143 118
46 644
169 4357
67 3064
60 57
173 4267
56 1076
152 610
14 3460
71 1867
38 1154
45 1783
90 1711
57 3538
179 544
32 4068
9 2443
9 4379
160 3322
150 3555
31 2132
151 315
113 3608
39 4337
17 2826
38 1190
10 2030
182 3935
134 2820
173 2429
175 520
140 4876
14 1518
184 374
49 1861
176 3873
58 1989
149 3312
121 173
185 279
8 621
186 4297
25 2826
179 4128
145 2211
70 2138
127 1032
194 2255
12 4156
156 4222
92 4935
130 3508
27 1028
112 2023
104 2713
54 1938
33 957
24 1355
77 1989
42 1761
83 3360
166 1138
190 4357
16 1381
159 1499
141 4879
98 802
120 2581
79 438
136 637
98 4377
179 3186
192 1150
83 3187
129 2045
15 4578
28 3194
182 1342
170 1157
42 631
150 3698
54 1454
100 1471
70 3294
5 1391
148 664
90 4567
124 1771
56 4594
57 1832
170 1658
4 4777
89 2356
81 3707
22 1018
8 2670
189 857
153 2607
169 4792
7 625
46 4185
198 4311
193 2547
159 908
107 4880
112 1627
125 1095
179 4149
80 2929
15 4029
77 1072
106 1269
83 1414
50 661
194 2185
82 604
121 4799
179 939
154 4493
94 1414
62 1592
106 3301
28 360
79 1636
136 1437
16 4803
85 194
88 2195
189 4194
143 2063
67 4633
11 4081
50 4838
190 3814
111 4200
192 4506
97 4030
112 2736
41 614
48 162
103 1780
151 2286
34 2476
174 4829
121 4744
18 3144
23 3353
99 3444
13 2438
141 4543
164 4887
59 191
2 2768
169 3358
79 396
187 2254
174 350
91 1581
157 2321
38 3245
142 3646
130 4856
110 3428
144 3003
81 3474
91 3850
56 2483
120 2422
156 4879
136 1348
59 1507
156 4737
106 4355
72 2572
163 4320
165 4878
169 704
110 3490
81 4852
113 3911
145 2039
97 3307
40 89
168 430
184 2050
103 3876
12 2044
12 172
186 922
82 3961
43 194
173 3574
35 3017
187 18
148 4468
138 2070
81 2599
105 1843
126 2728
69 33
41 4098
115 4765
111 672
125 2057
9 3639
76 2143
115 3606
102 3721
66 1523
18 3400
169 536
25 3396
199 2946
66 3686
10 944
42 941
92 4200
142 2079
1 1229
75 3538
60 470
142 1051
180 3825
35 4038
107 4857
71 1505
121 4283
147 1789
59 504
92 497
32 4494
166 732
169 4661
67 4133
158 582
117 103
150 1734
160 2149
144 4432
184 3413
164 3280
34 671
70 4685
149 3088
176 4508
138 1531
69 4397
117 1820
11 4801
124 3330
52 2639
161 4899
193 1019
127 321
190 152
2 445
164 2219
132 4866
75 3681
187 2445
89 133
124 2442
10 2060
51 4057
154 1749
15 1034
188 1174
33 1406
30 1628
40 2523
43 4009
93 1973
57 3493
150 726
93 3583
112 4572
73 4071
63 4545
167 3905
40 259
191 1835
55 3693
15 2018
128 3487
173 856
81 3486
121 3520
127 1727
52 2317
186 1384
68 354
53 4123
152 1507
61 215
146 3258
48 2662
166 4063
131 4486
86 3582
187 2355
187 580
40 2829
168 4511
74 2174
107 2428
84 1292
152 4611
72 3224
116 4740
94 3881
3 4886
34 4306
118 1606
6 1582
42 4588
102 915
22 870
28 2600
148 1687
200 2499
73 129
176 4316
46 4932
161 747
48 1565
122 739
189 609
122 3071
44 1801
131 2419
158 3866
188 354
108 3492
16 3939
40 1737
130 4374
117 1880
191 4941
132 2943
79 4343
175 4820
46 1285
74 2666
159 3804
44 1306
24 909
192 147
67 4328
59 4214
63 98
3 3891
21 658
84 1487
11 4968
123 411
20 4079
153 3406
167 2053
44 355
78 367
169 3672
41 1746
137 33
21 1807
163 4700
154 812
29 577
74 1827
132 4045
31 4758
155 3778
32 3603
179 1059
152 3156
76 1969
130 234
122 3282
196 999
24 3664
145 2290
197 2887
150 1903
143 2502
198 4892
38 4474
30 3027
144 427
168 3896
132 3262
155 731
156 4779
132 3810
137 4527
14 2056
44 2327
34 1972
188 814
63 3837
168 1233
51 2380
172 4600
43 3851
175 239
109 3968
99 4529
188 3343
135 4066
117 3811
165 4110
168 1983
106 837
24 1899
81 1729
195 2052
138 1192
76 4406
38 709
95 3033
36 289
198 2856
132 3004
76 4243
37 261
71 1673
37 3573
40 3712
123 2879
188 3802
162 214
126 2077
124 2405
108 2818
130 1067
23 3184
38 3954
4 4186
196 4329
15 4833
159 1161
1 1477
22 1911
109 3335
104 4629
144 3781
81 55
180 1729
129 37
22 903
22 4994
150 215
59 2327
12 2005
127 1670
154 1801
85 269
127 535
138 1934
33 244
120 4587
79 2135
123 2935
137 4004
100 2874
48 4424
161 3515
66 4959
115 940
1 168
33 4783
136 4051
114 4436
154 4885
103 163
44 976
52 589
179 79
62 4161
96 2738
152 1205
12 163
69 2438
136 881
31 2635
136 750
64 4968
140 1079
64 3173
185 3474
162 1540
106 3764
74 4458
146 3750
135 2770
101 2796
122 4521
46 328
76 2196
104 1028
27 670
43 1243
2 820
10 1903
179 2762
42 4513
78 2849
5 1398
44 3957
160 4198
153 4952
49 936
138 2247
130 2338
34 1775
146 95
22 1531
128 4085
196 2583
199 4847
182 3802
117 4781
74 3351
11 57
68 1033
3 201
27 3976
37 2745
161 4278
170 1324
199 1389
119 1619
67 1686
9 829
65 1964
2 3992
119 2462
19 2450
13 4695
169 3814
49 827
125 4022
78 1645
113 2077
62 2923
121 4343
169 1313
33 2196
138 1726
141 71
111 970
79 2200
188 1378
159 2011
50 4848
131 3055
69 4288
40 2237
23 2009
84 2234
165 4350
7 2489
81 1212
104 3281
157 575
87 689
183 3922
143 3708
59 3299
6 2366
168 2988
75 3353
13 795
116 4166
152 2246
153 3044
16 2905
30 688
20 3593
110 228
129 3401
106 1780
154 4846
149 2577
51 4262
76 4144
141 2082
155 1768
171 2066
183 2342
95 4471
103 1329
26 2058
135 4180
74 3239
200 919
81 479
132 226
84 1639
23 2641
144 3629
15 1894
53 2871
158 2159
88 4672
173 2033
154 2747
68 3964
176 4879
41 812
167 431
78 4553
31 2565
139 4200
174 1442
11 2187
67 1434
54 1190
147 3713
51 4324
86 1682
129 3446
175 2325
93 4335
93 4850
171 3899
197 820
110 3326
158 3888
46 2292
62 225
91 1987
136 1415
145 4245
169 1637
93 624
58 623
13 4765
191 1048
57 4363
75 1289
133 4187
4 2514
29 4135
120 2624
140 2847
15 591
124 2918
10 4082
108 3287
91 3293
37 511
20 638
69 1414
11 3138
14 2157
189 4708
56 2077
9 3752
159 4532
15 2397
197 1673
199 2748
63 2085
159 2770
20 3251
27 4738
42 3267
195 2533
153 4881
95 2068
148 4175
161 321
32 4106
183 1672
69 4976
9 861
140 614
77 3970
122 4235
193 1652
7 4612
177 59
41 3873
118 2525
54 1741
62 4659
43 3329
17 1450
62 772
37 718
54 1629
20 251
3 4803
17 636
90 4296
32 2910
142 2075
131 2342
128 3788
127 621
151 4972
101 158
143 563
83 4718
57 3032
167 2502
10 828
90 437
85 2832
103 684
121 3584
114 785
68 2532
76 4001
90 2318
62 841
51 4119
135 2102
70 2101
8 3617
95 1855
2 3389
125 2441
93 1933
171 2444
98 4638
47 3229
140 2995
173 4363
12 1030
151 1484
19 3612
149 2752
139 838
132 739
35 2558
85 4667
50 302
2 1559
174 1464
142 638
34 2394
177 2655
128 3772
161 132
160 735
71 3070
106 3617
50 1585
28 3700
12 4028
91 4204
30 3165
130 3056
21 2567
120 3108
157 3603
97 1972
114 355
56 4182
149 2910
116 3753
173 583
135 1155
127 2789
66 3669
105 345
63 4285
102 3233
170 850
145 826
147 2257
116 404
60 904
94 2294
15 790
154 3903
37 3256
147 382
177 2238
125 2753
78 3965
159 3005
97 1478
164 337
7 1331
103 2930
33 4190
39 3698
85 3805
191 3559
114 2342
87 1467
19 1049
178 4021
4 2614
3 2076
145 1662
129 2539
138 1434
67 1377
17 3735
77 1724
145 3290
70 3531
32 3679
157 4357
59 3378
16 3794
80 1842
180 940
101 4414
182 2914
172 3711
3 610
194 2703
133 1472
127 2254
83 4682
140 1090
167 2146
7 4840
46 2519
47 4157
98 962
184 170
86 2071
157 2423
155 2757
27 2482
185 3769
14 2795
100 34
169 3324
132 2238
197 3586
106 1394
40 1294
60 4524
47 2644
198 604
49 4523
73 4471
148 2335
91 2782
6 471
54 4152
196 4016
7 1846
159 3890
151 3343
77 1294
74 116
160 4385
107 4542
100 305
7 3251
108 2689
187 2803
89 3711
126 3815
140 1688
180 556
176 4945
58 508
66 757
40 2907
109 1134
141 176
83 2990
54 1401
15 314
188 4159
52 3257
158 70
152 1181
142 3581
41 4660
55 4190
68 3545
185 613
84 4425
22 4116
61 3520
175 1049
36 4853
180 3964
127 3865
138 76
115 3552
110 289
182 4700
29 1342
123 4067
39 71
43 336
200 2924
105 1356
122 888
154 508
137 1245
1 1108
3 3594
85 4679
181 2527
26 342
19 2208
70 2956
125 4547
137 485
60 2832
161 3157
105 2480
100 4960
171 292
139 2431
162 3623
183 56
15 3704
193 689
43 4227
119 79
1 4854
137 4097
44 4113
191 2133
117 4421
20 3223
165 1426
55 4553
50 3090
23 747
55 550
99 3588
106 1132
173 282
70 3668
197 4140
117 91
79 2779
2 3399
93 2234
172 1556
136 2347
84 4204
47 539
113 3243
28 3668
169 1196
194 4287
139 3549
83 1808
24 1409
79 810
122 3097
198 3265
85 333
121 4681
98 1928
90 2688
164 2343
30 3022
186 4375
138 136
168 4933
16 2146
39 4096
103 631
125 288
115 138
31 4397
136 555
84 4676
192 743
18 4969
196 3757
72 1530
47 2598
122 2216
140 235
193 377
15 2530
57 3161
8 1009
126 4857
148 195
100 1105
62 3512
185 4840
155 4966
92 3483
195 1948
159 2990
10 1770
115 1642
154 1678
1 811
70 4901
108 4086
93 1233
10 407
147 778
78 1664
91 1025
6 2551
29 2532
53 3147
195 137
65 1681
70 3975
187 4860
2 1515
98 4917
170 4990
95 3957
60 2842
159 2179
129 4026
112 4417
147 2267
31 661
42 3522
28 4448
161 3406
143 4773
190 4647
9 1148
70 3799
24 4608
76 1217
61 1723
55 1931
121 1189
25 482
22 2135
131 1527
47 738
105 1072
47 2242
61 1220
37 752
163 1927
2 956
38 1860
138 2483
83 796
144 2437
199 1654
178 1770
194 4279
130 332
112 4558
76 891
150 2944
109 3943
87 2316
130 2530
136 3366
121 4809
164 1936
55 2132
165 883
39 2893
2 3548
129 1897
23 1866
121 3041
185 2615
33 431
123 3896
19 4642
154 1277
191 1493
177 3697
110 3686
155 3415
130 1577
169 3963
120 3187
123 902
63 3536
148 1498
153 4552
199 42
1 1228
194 1424
23 1634
128 240
16 2109
106 1675
89 603
64 4249
96 3246
35 1185
148 128
91 2464
59 4701
170 2091
9 1907
136 4934
64 3435
66 4756
14 2121
31 2757
38 991
24 2499
151 3178
29 3870
11 408
133 3658
50 792
71 1365
16 2709
178 4767
183 2460
164 4523
144 2575
152 2643
8 257
125 1023
32 1437
138 1682
59 3566
72 2430
142 3076
9 2186
199 1017
177 2319
42 3509
200 2242
64 4643
76 3054
21 610
174 2438
28 1379
134 1341
181 3584
115 3569
90 962
43 2171
50 4232
106 3523
138 805
61 4269
97 2025
119 3284
32 2170
98 4549
101 1549
54 1552
197 3056
44 3645
40 1848
6 540
84 2304
131 4906
77 3306
169 2431
141 4398
33 201
6 3200
38 799
192 4248
186 899
47 3527
107 3269
71 3265
133 4324
68 3039
142 2306
15 4190
94 432
96 3331
73 4373
124 2938
69 2135
120 558
161 2776
44 335
9 2157
176 178
81 2509
129 1647
182 1037
35 3133
73 455
178 1513
80 921
60 3741
83 2077
196 4674
6 3060
163 151
104 876
117 3925
144 3377
97 4347
32 372
86 4101
170 739
164 3823
91 122
32 63
127 4573
11 1699
156 2962
83 623
165 2787
173 2506
172 1468
75 2638
65 865
93 3835
155 1730
84 625
53 4446
66 3417
200 2914
47 1866
70 2826
75 4042
59 4389
25 4152
76 496
118 178
90 1381
29 1050
169 2915
159 2197
151 4503
153 1708
198 1777
184 431
76 2472
187 562
12 1073
95 1635
126 1371
93 592
69 2979
122 3428
171 1331
59 687
168 822
200 637
15 4936
34 263
182 3675
181 1998
111 4246
110 107
33 1925
193 2751
167 624
185 3746
69 4424
181 1191
136 3871
23 3447
104 4481
150 1612
83 139
118 2847
68 2632
95 1125
103 1616
66 4900
182 340
70 3414
6 2072
161 1067
100 747
18 4409
106 1296
97 1488
78 4420
102 3345
134 3686
105 1838
176 2617
29 4387
171 204
193 3390
42 3993
47 3955
175 420
56 1891
136 3094
153 906
160 2498
74 4635
6 4875
116 1820
125 1069
132 4771
69 1726
166 2310
145 1071
198 4659
57 4819
117 850
45 228
105 4539
9 1117
107 3296
40 2632
117 88
68 4537
157 4873
58 3435
15 3627
68 548
193 518
111 809
191 4879
92 1018
114 3289
170 4939
107 4845
69 4447
108 4550
90 4839
105 3471
184 4864
5 2137
141 526
164 3523
98 4424
60 564
81 2075
94 3214
26 3459
78 1905
178 74
152 1259
145 885
171 1409
70 3085
114 3759
192 3824
181 3670
196 396
186 4444
143 872
74 1276
130 4962
54 3826
180 1734
200 2872
103 2878
151 2004
93 746
127 4516
151 1898
180 1084
136 3322
166 3448
105 2788
189 4269
82 3386
12 3588
87 1237
100 4490
63 4135
124 2533
18 4990
17 3169
43 1561
142 581
195 1624
63 3269
55 1152
175 4054
136 4852
1 3043
36 4108
86 683
13 396
6 4699
172 4567
136 3519
169 2809
43 740
84 2595
187 108
79 1013
1 4996
200 250
84 641
62 4134
191 3735
124 4295
107 4346
27 3832
23 2892
89 2419
61 2180
139 765
117 1276
89 1146
169 1754
105 1469
114 2882
72 631
140 1962
25 4735
106 3642
67 149
101 4214
52 1606
20 4860
179 329
82 828
161 850
112 272
115 916
106 2369
180 3381
38 4261
108 4548
177 4890
79 2863
7 2702
89 2341
79 16
198 176
57 655
7 3296
74 1347
128 4004
139 930
142 1191
11 4088
147 3344
19 4385
192 733
166 3157
74 1367
131 1568
61 2147
180 1130
49 1099
123 2966
58 105
141 3214
193 435
116 1604
14 4216
28 4674
41 1245
18 2716
47 4634
150 3797
178 2599
168 598
135 4441
156 2617
29 4988
8 4285
19 3176
117 2321
94 1991
186 3921
190 2573
122 3257
54 2662
55 1881
153 2641
137 918
134 4893
24 3613
141 3178
85 990
146 1156
76 630
44 4842
115 2288
187 580
65 1526
54 4053
136 2655
65 3481
158 327
62 1699
21 1926
97 4065
179 1114
51 1010
67 2557
175 4711
111 1752
19 3125
182 1801
60 3159
97 4153
130 2404
182 979
17 1582
108 1443
67 982
173 4821
192 1222
42 473
67 2108
77 507
21 1906
32 1279
175 4325
70 4904
3 1799
158 1033
123 2229
34 1120
9 4291
90 2414
26 1098
100 4717
183 4485
80 1249
4 1933
134 329
123 1444
71 334
1 4020
200 2935
181 193
192 1716
76 4642
79 1158
26 3088
8 2776
94 4542
84 4600
92 3813
18 815
76 2317
55 1616
107 4551
20 1241
142 485
75 2642
74 3086
33 3450
184 709
29 3346
54 2628
182 1408
191 787
169 4711
173 2548
9 1661
137 71
138 1458
110 3308
97 98
88 3812
145 3657
39 4223
28 496
17 2321
41 700
31 1212
153 149
147 2078
125 2955
40 815
5 727
99 2950
99 1660
7 3440
181 1280
134 1496
79 822
58 3453
112 2253
170 4690
148 1509
169 1697
159 909
191 3726
181 3927
144 2375
162 2718
175 4797
167 1740
162 706
24 4151
199 76
193 832
137 4410
75 384
105 4790
155 2871
160 4115
112 2714
158 4720
18 3414
39 983
23 357
12 1962
5 1979
158 2656
57 4736
175 1181
183 3015
117 309
146 4659
168 2762
196 3300
32 4629
80 3894
57 2928
34 4493
4 2841
5 3726
106 2746
177 4142
19 2307
91 2296
15 4404
43 2115
43 3836
40 1828
94 4907
173 1234
175 867
143 2794
170 3912
15 3934
125 2709
7 4112
166 496
43 1408
189 4194
58 2991
165 796
79 598
10 4673
144 4761
25 479
146 1907
6 1172
122 4595
163 652
91 4397
18 1567
181 2677
192 272
3 4196
65 4739
73 2360
36 483
114 1898
152 971
142 4710
101 4003
18 2004
138 458
185 3978
59 2709
150 1374
40 4144
74 824
193 2200
176 231
184 1619
133 4905
19 2513
174 3307
28 1722
182 4427
78 2327
141 3485
45 253
112 2654
9 3324
49 4495
119 4090
27 2955
117 3984
176 1638
81 1651
104 3289
113 51
158 4943
53 718
189 176
164 3762
109 3074
98 2991
19 1981
76 4573
187 4355
29 2979
155 4041
115 4174
80 1302
176 4777
146 4229
163 4387
185 456
6 2500
160 3912
111 1830
10 4626
152 4072
112 2122
70 4916
18 187
153 1427
118 1986
33 1443
86 3721
65 1910
166 1871
144 2625
197 1548
40 4888
110 1765
3 4797
80 4437
99 2317
199 4884
35 2889
40 609
168 2210
109 2838
119 361
62 730
165 1415
96 1649
30 659
144 2842
108 4399
140 4341
133 1965
166 3159
96 98
159 1595
79 2582
155 3177
149 1488
170 2497
104 3762
171 94
3 208
107 2171
160 1562
189 1480
45 2595
146 3618
63 998
40 2308
166 321
111 1885
199 4480
49 4030
22 1870
122 3782
165 3738
157 3270
36 708
194 2931
8 4949
140 1180
57 3588
46 2121
140 4611
12 4303
82 3732
170 2538
52 1233
78 1720
151 3940
12 2018
179 4442
24 2309
11 4937
143 3199
65 1760
200 821
90 1397
128 1216
106 4926
103 3667
137 3652
88 1923
4 4379
110 2963
30 2356
174 2932
78 3335
129 624
101 4026
59 4714
103 3401
8 3004
120 679
81 3712
105 805
84 3359
161 1628
1 3433
45 3365
136 4382
170 364
7 4609
194 2604
200 3996
47 4605
167 370
10 4976
100 2058
133 3969
146 2960
70 837
116 3289
195 430
17 3157
96 196
171 4422
196 1646
111 980
28 3319
4 1786
160 1627
167 3253
119 3014
120 4256
177 4799
183 41
44 4763
187 3821
38 4365
85 4824
97 2632
197 160
114 3849
184 4391
33 707
154 4319
193 4289
127 1473
24 2326
40 4170
154 2552
58 773
187 1432
60 861
170 283
84 798
123 1123
9 3507
73 1621
180 3991
44 4880
13 4869
86 4243
116 1534
187 286
20 34
113 2316
101 1121
3 2538
185 2417
25 74
44 1593
188 2384
139 2268
1 967
164 2421
136 1089
108 4383
196 1476
86 3767
169 4073
22 3199
18 521
129 3108
194 204
18 4294
95 1787
72 67
34 3253
157 4950
180 3921
183 2636
54 3710
28 4359
127 1204
184 499
47 1040
183 1830
108 2602
11 904
110 747
67 2556
106 2510
28 3204
135 3849
107 171
39 4882
53 2995
46 4415
124 2558
90 2233
86 3870
77 4037
157 2958
84 203
132 4436
185 1955
171 4923
118 3144
26 4710
106 693
81 405
15 4303
168 730
196 687
128 4798
35 4719
108 3644
94 4076
126 2094
178 57
67 1392
150 2091
108 4116
151 2126
93 1433
28 2265
67 1311
28 4281
164 3061
129 3350
60 1506
180 3017
158 3516
170 4489
120 2181
59 4042
12 1047
132 3056
66 4747
181 2442
119 2440
73 1644
134 1328
1 41
88 1005
132 3129
141 4638
90 3185
148 4778
104 457
145 1560
5 3627
61 4523
58 2242
132 94
173 3241
69 184
157 2317
31 841
151 2067
156 2583
131 285
160 4233
47 3267
72 857
153 4047
67 1976
155 4948
185 3996
25 2269
148 4405
36 4378
113 3283
3 3007
112 2441
50 2202
79 3489
182 1072
155 4336
58 1215
4 4377
175 1264
86 1828
63 1330
101 772
146 4164
5 2960
45 1673
179 4841
184 4144
30 2360
98 3076
42 2875
127 219
141 2813
85 4506
44 2051
168 4677
199 2848
6 132
60 3274
77 1094
98 3673
23 363
82 4598
88 4625
95 4419
84 3235
106 2490
144 3623
19 3503
65 3991
196 1508
78 3956
59 3053
109 3617
19 363
29 2662
11 3590
29 4283
82 4140
123 4764
63 3833
72 4110
50 3049
99 2125
5 470
74 1937
56 3837
75 4375
138 2589
4 593
134 2091
57 4860
183 1537
142 1377
139 1150
16 4022
200 760
133 1973
22 529
121 815
93 3382
54 2083
37 2175
145 3450
70 4694
74 3525
114 1752
26 553
64 2372
25 368
107 1560
184 816
187 1580
131 2386
130 1077
172 1793
127 3266
123 3306
129 2702
43 4898
71 2383
168 4527
90 495
177 1958
100 1610
58 4542
147 4854
133 1755
41 1461
76 4992
39 398
129 3777
136 884
74 1354
88 620
150 319
48 3060
170 4263
146 951
122 3142
134 2448
51 3397
124 14
87 2922
115 498
19 979
162 1252
117 301
91 2989
130 4991
146 2254
117 2912
191 3613
123 3109
163 1365
64 3680
21 1246
145 566
7 1382
60 2248
85 1554
164 984
53 828
184 2730
129 2727
80 1598
196 4760
186 3369
31 1209
141 614
120 3461
28 4369
74 219
5 4095
45 2511
68 3771
163 2142
27 4189
147 4637
33 3368
172 3478
200 4893
72 818
159 2665
123 1693
135 3634
185 1622
178 1822
58 4455
93 4725
82 3290
111 3405
100 4507
166 591
34 3541
58 4801
8 4681
116 1260
14 1682
85 4763
65 4513
153 4718
136 2861
132 3069
62 157
143 3786
29 1339
144 2059
108 4081
59 3227
181 1324
136 248
10 283
25 3330
31 1371
111 4214
135 2685
181 794
45 2696
141 2232
186 906
88 521
122 559
74 236
55 3303
2 4893
196 4057
110 305
178 1227
164 1624
70 2308
8 2505
31 2742
56 1612
90 4011
27 3468
182 1380
9 1969
124 220
127 408
118 2340
90 4497
93 3250
196 4921
187 1667
67 4591
190 1644
6 145
45 3051
160 74
68 961
18 859
12 4116
111 3131
161 4610
9 1730
168 2141
13 1914
173 518
5 764
104 3069
131 2457
49 2719
194 544
118 3729
199 4197
102 2968
39 4983
161 582
18 1143
93 3171
118 401
93 3406
192 4139
83 3135
106 2754
119 1231
83 3865
64 4910
102 1482
115 1106
153 2549
8 1991
157 4491
94 4612
34 4275
89 2281
65 3044
98 3570
122 4183
106 3851
123 4879
132 1447
63 4003
6 4377
127 2728
23 3416
194 819
26 3663
102 385
170 3472
171 2709
70 1349
112 4262
64 1551
41 2905
169 183
66 4217
163 3607
185 4486
102 2761
23 1178
54 1382
146 4621
45 448
1 4000
49 4783
143 2794
4 387
40 3774
142 529
58 2552
91 2491
174 3474
150 2955
4 2756
35 4428
46 2391
118 1810
172 2209
99 334
160 2525
74 3569
50 739
161 2566
6 3952
136 1947
118 3629
19 1405
198 2770
47 3985
197 2762
2 3179
41 2146
92 3177
4 1720
154 897
187 3586
16 707
95 3884
47 1574
112 3858
149 2133
25 3504
10 61
14 4986
52 4045
182 1784
77 3150
73 4020
88 4895
70 523
151 2202
180 4650
112 1647
167 3507
43 3209
34 4766
67 3917
80 3172
6 2879
101 3272
67 1908
82 4912
42 4408
178 4050
151 706
5 5000
197 2134
2 2610
66 4791
174 3315
139 1491
196 3192
39 3888
47 1388
28 3561
139 3413
73 1746
3 4288
86 3712
136 448
11 3625
49 2191
199 4554
123 4571
61 4684
179 3005
22 2575
166 1015
17 116
41 4301
194 4422
15 1620
112 2399
125 4174
139 1260
123 61
149 2494
138 4771
118 228
42 589
34 4675
154 2648
125 438
76 3885
161 2345
78 4367
70 4259
136 3831
5 1472
21 3691
56 3255
152 889
92 165
38 1980
109 3503
123 3559
104 2464
193 1539
67 2624
17 539
169 1250
11 3270
142 23
58 3229
122 220
78 3804
130 4128
139 2710
30 194
32 2164
41 3661
157 1888
141 4048
68 4113
165 3950
135 79
181 4948
79 1647
118 1970
66 873
23 2746
71 3449
53 3233
140 866
41 1177
191 3377
126 4927
88 1687
172 185
18 2865
156 3040
10 2168
49 3038
42 1927
196 80
167 1015
86 3432
185 3126
172 2685
137 2014
117 170
102 4755
134 3248
59 1678
42 2990
89 3170
86 4394
149 4947
64 2642
35 4120
30 4683
172 4661
26 4491
181 2310
189 400
160 1472
28 2067
154 2083
31 1973
139 852
23 292
100 1964
113 2575
71 123
116 970
128 2878
114 3291
131 4561
120 3813
129 2499
162 3681
13 3048
41 2849
20 1148
103 3379
18 1419
154 2512
2 837
180 740
181 3493
54 3356
41 2737
66 3213
154 149
200 4932
118 1620
146 3595
137 2381
174 2806
92 1618
193 2105
35 1168
90 414
183 314
38 4774
41 3112
135 1545
10 1218
19 3595
120 2992
91 2993
68 1178
55 4557
33 1065
140 3742
25 4808
144 1024
71 4879
93 3804
147 3681
48 806
103 4965
60 3913
105 58
99 1589
47 3714
118 2034
110 1363
38 308
62 2410
4 4258
14 3741
11 2758
115 1316
38 892
56 4769
191 3457
54 564
170 3645
53 2553
57 4285
53 4936
174 4059
48 4978
59 4930
74 468
26 4818
11 1826
101 3075
72 3605
191 1822
77 4195
156 2193
84 464
175 904
142 1856
72 593
158 4358
120 1366
165 2287
77 1426
17 3354
90 3025
142 2488
164 2935
151 2407
150 1477
184 2872
148 4773
28 3881
44 972
11 3852
8 4021
63 4448
34 4258
200 4930
156 4286
28 744
109 4636
40 2272
134 2459
32 1819
161 869
96 1509
26 2718
44 4457
4 4365
2 3139
87 3223
28 111
53 2577
197 2405
112 937
15 854
152 3382
181 4138
94 4454
152 2679
183 4463
193 1510
10 4750
28 4393
97 3470
124 2336
54 996
185 337
170 4452
187 4014
185 3364
63 2486
73 4611
5 356
185 132
135 167
148 1795
103 413
108 4014
18 3698
21 2812
193 2389
19 1790
15 3391
169 4334
172 752
12 1861
67 3922
18 460
63 1043
175 4133
90 790
34 3102
8 377
16 2671
39 2523
5 1458
25 4107
191 2443
87 4926
163 1883
49 115
175 2549
79 4983
