100 200
64 59
156 468
126 715
76 694
102 392
97 52
128 583
181 238
174 323
128 377
184 542
2 13
76 56
21 569
29 683
4 148
99 164
100 551
52 800
95 133
93 709
163 204
13 71
141 625
63 208
27 276
101 591
74 358
49 115
184 687
15 38
47 493
78 110
61 378
160 324
200 367
90 576
172 675
92 77
164 432
77 163
200 179
167 302
52 708
147 486
55 450
146 354
187 231
166 325
33 784
76 361
32 787
59 386
115 441
175 426
5 366
30 62
111 657
191 16
83 574
75 334
109 5
153 664
13 138
108 105
49 187
39 722
42 670
101 487
173 254
157 399
37 303
48 111
131 638
99 102
180 565
44 728
47 494
47 294
120 327
119 652
200 305
23 661
174 167
4 42
55 112
24 443
153 431
28 670
3 435
81 612
193 266
81 203
47 751
61 227
6 395
6 615
150 220
71 77
74 420
