1000 200
195 886
199 126
135 977
192 617
188 318
192 665
85 49
86 761
114 133
110 33
8 534
44 609
111 435
155 6
95 509
170 196
49 85
130 292
155 754
14 627
198 45
60 671
126 229
11 447
185 783
133 478
33 150
178 944
58 702
65 622
63 748
9 887
160 287
178 138
126 212
199 859
182 936
192 407
151 314
20 51
194 773
51 116
142 676
141 326
189 707
90 712
153 972
39 821
38 413
154 679
41 814
78 649
61 193
145 443
24 906
79 898
140 702
77 720
109 454
194 638
126 179
196 587
24 56
43 464
138 113
195 863
173 821
179 9
109 766
25 204
50 82
149 932
160 285
35 63
166 480
92 812
103 783
95 340
77 284
11 739
123 832
37 103
151 96
178 887
9 573
42 351
29 836
65 303
96 655
21 622
10 96
173 535
58 488
162 702
34 828
83 204
124 222
94 767
133 848
120 449
177 798
10 454
152 39
135 202
21 637
101 192
43 671
97 994
127 953
1 395
44 587
41 930
139 628
15 516
58 639
74 504
145 51
2 881
148 391
127 200
68 956
174 295
108 156
126 280
46 837
12 768
51 994
119 179
38 160
83 428
110 674
9 287
18 676
188 997
185 303
149 151
133 815
53 397
63 417
145 249
164 647
83 247
163 183
77 442
161 99
138 365
63 496
169 3
107 542
40 594
115 548
60 21
60 353
99 334
24 977
197 362
174 926
84 178
109 402
163 223
113 922
32 804
154 491
32 904
37 722
11 246
102 96
192 97
133 770
101 768
146 528
180 244
130 563
148 174
150 202
76 140
6 399
148 660
165 829
44 488
196 209
180 891
81 333
194 581
5 447
42 31
28 508
148 89
47 524
164 144
104 122
35 627
39 354
195 928
89 380
104 544
24 78
35 760
29 477
33 54
192 280
92 767
118 258
89 55
176 846
190 602
54 186
153 728
86 868
113 66
120 51
21 820
106 468
174 472
81 333
4 583
174 463
12 297
110 158
82 961
26 711
57 40
159 360
27 725
161 927
136 790
1 624
151 213
115 899
6 264
166 274
2 850
130 951
98 608
196 36
192 153
32 186
110 213
30 191
127 226
48 860
140 961
132 242
189 648
130 129
45 738
171 47
60 91
125 98
199 419
120 404
18 775
62 260
101 42
10 900
181 70
148 706
125 879
33 35
134 80
120 3
174 523
80 955
178 13
100 36
48 212
1 851
119 705
156 60
120 157
75 706
54 405
184 387
28 982
108 6
104 303
115 700
74 175
73 578
147 289
83 360
89 214
130 582
98 518
75 382
140 644
177 176
67 526
107 644
13 435
61 370
191 274
43 756
70 639
127 604
141 201
53 781
43 583
96 407
26 634
182 989
117 603
39 477
19 454
5 43
33 661
63 289
167 560
30 790
17 390
75 258
119 48
187 144
79 47
74 725
176 736
200 571
58 327
11 396
173 148
122 944
181 234
116 450
186 459
109 203
5 335
15 418
42 92
60 856
80 562
180 259
169 562
25 130
137 505
159 563
70 71
167 7
17 514
179 549
72 458
14 461
41 445
91 750
42 351
163 298
54 816
54 656
191 164
152 812
116 540
55 873
102 769
49 982
39 703
10 290
172 746
178 48
91 974
98 757
36 779
170 498
147 168
137 565
33 245
125 626
97 999
171 826
18 10
126 657
163 526
7 421
160 908
198 609
110 289
34 392
199 901
140 608
185 194
145 849
23 216
110 292
155 247
186 323
187 243
29 758
32 613
99 35
127 177
96 296
96 587
161 311
162 134
32 545
199 297
174 645
104 299
133 465
123 641
197 123
32 511
191 39
1 105
126 511
67 110
125 306
14 20
20 99
87 559
177 437
70 556
95 471
48 928
16 250
45 702
63 912
100 553
97 363
44 136
90 813
188 466
83 139
163 313
118 347
195 211
197 386
27 542
86 501
144 331
181 71
45 114
187 691
83 722
137 932
123 934
108 425
163 719
31 669
61 962
146 380
118 626
7 285
21 70
34 81
52 830
194 741
87 39
50 475
136 985
84 636
76 90
138 703
181 503
30 632
115 64
93 879
81 192
97 165
146 797
182 281
137 499
144 352
101 234
85 105
142 148
70 496
135 132
189 386
182 579
65 508
68 327
94 685
27 893
98 605
198 835
19 677
136 286
135 121
43 522
19 203
120 938
194 779
135 788
44 312
139 370
112 972
74 988
69 296
196 746
198 559
1 751
5 820
93 78
146 89
89 551
110 643
81 94
11 546
45 64
128 356
196 867
173 282
113 694
190 286
169 701
81 518
93 428
43 750
32 633
120 215
178 915
92 747
135 831
121 358
2 227
131 216
153 897
92 82
66 129
94 71
75 14
197 754
181 931
194 4
24 634
137 544
160 528
171 41
180 955
159 247
26 804
53 336
85 36
59 761
168 734
35 208
102 449
178 866
182 400
11 614
88 447
37 680
16 252
107 111
122 725
81 60
151 246
154 550
9 583
1 851
29 973
21 335
12 22
179 614
169 919
67 111
169 204
185 405
62 84
165 921
28 95
117 579
72 556
145 362
56 429
33 243
176 692
148 176
78 17
27 99
138 775
43 704
120 186
146 705
24 442
103 671
56 100
44 944
7 254
65 287
198 520
43 633
177 579
181 634
43 190
90 314
146 729
187 651
2 193
147 706
30 713
7 701
81 254
12 532
100 928
53 782
135 229
130 595
14 356
133 748
192 853
153 962
109 227
105 697
52 543
101 961
117 192
29 961
128 925
32 383
149 330
103 658
133 702
125 437
67 66
176 182
38 136
88 174
83 1
98 462
181 261
138 468
107 424
52 423
177 563
36 830
183 126
167 994
112 894
143 157
33 967
133 23
4 649
91 376
52 916
38 133
85 802
178 895
7 125
83 61
152 798
4 429
141 325
185 107
83 131
120 982
63 634
141 540
41 564
106 742
112 906
157 899
52 176
12 402
25 455
113 4
101 675
42 661
11 287
177 459
11 240
85 228
77 301
143 266
153 792
1 819
57 139
98 510
197 26
97 129
188 294
124 206
153 262
41 251
6 993
60 646
198 734
94 191
15 854
36 186
169 324
101 181
150 442
56 179
154 13
33 614
115 597
174 919
64 9
30 375
143 196
133 809
52 231
190 813
115 47
38 691
88 715
164 894
36 720
67 186
17 22
158 614
54 763
31 375
33 481
20 60
117 788
79 628
113 997
159 412
18 941
115 841
175 528
104 720
18 995
199 366
14 893
156 319
176 594
143 878
31 659
109 732
199 545
26 648
87 862
136 326
21 366
134 378
197 795
95 484
116 141
80 940
177 841
172 192
176 153
8 805
28 705
8 885
187 946
33 907
63 605
158 701
129 308
53 631
177 35
107 436
115 779
47 869
69 412
124 481
16 479
157 503
30 948
167 495
82 676
128 88
9 20
40 595
89 47
18 563
103 55
10 316
109 634
193 751
50 696
107 717
34 603
94 297
196 160
131 335
55 358
32 727
33 77
168 572
173 84
103 136
41 575
53 387
107 229
155 448
64 453
131 706
69 608
139 488
171 97
198 685
74 897
48 152
197 152
12 438
115 147
63 409
192 237
191 474
20 65
52 518
2 772
177 748
114 684
167 15
135 539
98 460
168 335
53 661
25 481
116 489
60 918
52 964
176 959
61 692
200 456
110 647
141 217
160 530
31 604
200 319
110 766
121 684
40 801
191 412
180 799
171 160
180 123
190 912
111 135
120 762
186 816
75 326
58 999
71 188
100 408
147 47
175 998
2 28
128 18
69 952
191 367
82 761
64 752
153 440
199 571
128 615
200 231
122 55
16 547
77 26
127 520
143 95
56 710
177 391
152 100
98 577
134 635
103 673
15 559
62 249
94 478
13 739
198 390
148 477
36 902
178 941
111 848
120 238
142 245
83 70
166 202
127 100
57 783
154 306
121 757
131 976
171 171
117 102
92 926
187 302
153 640
131 999
173 595
65 258
47 579
64 428
134 63
73 845
197 473
46 881
187 150
123 696
119 421
113 401
114 581
115 443
129 540
50 570
42 438
92 995
114 952
12 314
156 145
10 330
17 296
134 927
147 540
46 658
58 550
47 891
26 421
99 292
182 427
77 253
21 844
106 585
91 330
85 678
156 899
10 940
112 72
123 780
108 962
4 520
49 651
127 325
181 629
29 979
28 894
165 377
43 686
4 234
74 745
92 303
100 152
68 474
163 53
43 318
63 434
182 987
129 183
31 991
180 980
65 312
24 753
67 150
170 172
25 63
177 445
66 7
122 804
54 360
87 234
176 632
104 779
60 439
116 205
120 225
26 325
107 786
110 719
29 751
189 914
151 390
112 478
137 668
193 944
111 214
115 174
178 201
59 272
112 482
59 74
25 762
183 780
45 351
165 209
1 935
125 696
76 568
35 427
193 23
111 438
89 797
18 512
181 935
47 433
16 116
168 367
182 104
79 889
9 237
158 692
155 927
145 714
156 145
170 570
66 677
126 118
19 162
42 193
145 209
183 807
18 690
184 635
